88 0 317 0 70.589 STANDARD
88 0 396 0 44.497112 STANDARD
88 0 1124 0 44.30824 STANDARD
88 0 1139 0 42.642612 STANDARD
88 0 1120 0 42.086613 STANDARD
88 0 1164 0 39.77234 STANDARD
88 0 19 0 39.34306 STANDARD
88 0 539 0 39.33947 STANDARD
88 0 902 0 38.51471 STANDARD
88 0 1171 0 38.2756 STANDARD
88 0 1162 0 38.259743 STANDARD
88 0 434 0 37.349808 STANDARD
88 0 1046 0 36.28175 STANDARD
88 0 329 0 35.93621 STANDARD
88 0 320 0 34.13705 STANDARD
88 0 796 0 33.957993 STANDARD
88 0 319 0 33.708096 STANDARD
88 0 900 0 33.232967 STANDARD
88 0 514 0 33.205276 STANDARD
88 0 159 0 33.04541 STANDARD
89 0 842 0 44.17751 STANDARD
89 0 500 0 43.09399 STANDARD
89 0 591 0 41.262405 STANDARD
89 0 1415 0 40.397884 STANDARD
89 0 126 0 39.938484 STANDARD
89 0 145 0 38.681896 STANDARD
89 0 1248 0 37.81564 STANDARD
89 0 158 0 37.01076 STANDARD
89 0 490 0 35.290337 STANDARD
89 0 639 0 34.72384 STANDARD
89 0 938 0 33.94611 STANDARD
89 0 497 0 32.518127 STANDARD
89 0 865 0 31.01213 STANDARD
89 0 1417 0 30.44613 STANDARD
89 0 367 0 30.181269 STANDARD
89 0 482 0 30.031923 STANDARD
89 0 1353 0 29.841282 STANDARD
89 0 839 0 29.824701 STANDARD
89 0 792 0 29.48556 STANDARD
89 0 292 0 29.46247 STANDARD
110 0 400 0 39.845383 STANDARD
110 0 341 0 32.90233 STANDARD
110 0 391 0 32.74732 STANDARD
110 0 151 0 32.01387 STANDARD
110 0 136 0 31.230104 STANDARD
110 0 979 0 29.8117 STANDARD
110 0 1449 0 29.316244 STANDARD
110 0 17 0 29.05443 STANDARD
110 0 497 0 28.844227 STANDARD
110 0 424 0 28.014343 STANDARD
110 0 406 0 27.879112 STANDARD
110 0 140 0 27.58185 STANDARD
110 0 964 0 27.073769 STANDARD
110 0 174 0 26.87185 STANDARD
110 0 150 0 26.790363 STANDARD
110 0 803 0 26.663967 STANDARD
110 0 178 0 26.429934 STANDARD
110 0 1072 0 25.545553 STANDARD
110 0 916 0 24.92225 STANDARD
110 0 1186 0 24.574635 STANDARD
111 0 448 0 57.14477 STANDARD
111 0 509 0 52.36311 STANDARD
111 0 570 0 51.60693 STANDARD
111 0 566 0 48.103374 STANDARD
111 0 422 0 45.18382 STANDARD
111 0 635 0 42.99732 STANDARD
111 0 485 0 37.01271 STANDARD
111 0 309 0 35.069153 STANDARD
111 0 488 0 33.151833 STANDARD
111 0 318 0 32.95581 STANDARD
111 0 1124 0 32.835922 STANDARD
111 0 576 0 31.552214 STANDARD
111 0 52 0 31.328758 STANDARD
111 0 820 0 31.260788 STANDARD
111 0 1197 0 29.73422 STANDARD
111 0 62 0 29.138231 STANDARD
111 0 564 0 29.048573 STANDARD
111 0 1196 0 28.613136 STANDARD
111 0 86 0 28.48997 STANDARD
111 0 360 0 28.118196 STANDARD
112 0 503 0 31.828888 STANDARD
112 0 564 0 31.722086 STANDARD
112 0 479 0 31.308449 STANDARD
112 0 663 0 29.478142 STANDARD
112 0 45 0 28.871008 STANDARD
112 0 853 0 27.123476 STANDARD
112 0 1419 0 26.279287 STANDARD
112 0 661 0 25.707348 STANDARD
112 0 52 0 24.807274 STANDARD
112 0 309 0 24.399126 STANDARD
112 0 1124 0 23.869604 STANDARD
112 0 596 0 23.376257 STANDARD
112 0 488 0 23.217178 STANDARD
112 0 1132 0 21.520264 STANDARD
112 0 643 0 21.468966 STANDARD
112 0 499 0 21.231422 STANDARD
112 0 1131 0 20.797655 STANDARD
112 0 666 0 20.596754 STANDARD
112 0 483 0 20.5188 STANDARD
112 0 894 0 20.312315 STANDARD
90 0 478 0 86.303474 STANDARD
90 0 6 0 80.05632 STANDARD
90 0 641 0 78.63658 STANDARD
90 0 1215 0 78.018326 STANDARD
90 0 107 0 77.78088 STANDARD
90 0 542 0 76.712425 STANDARD
90 0 399 0 71.35108 STANDARD
90 0 1340 0 68.0985 STANDARD
90 0 688 0 66.32603 STANDARD
90 0 838 0 65.381226 STANDARD
90 0 1418 0 65.25491 STANDARD
90 0 53 0 64.75105 STANDARD
90 0 972 0 63.498844 STANDARD
90 0 1385 0 63.344345 STANDARD
90 0 1048 0 63.17403 STANDARD
90 0 574 0 62.76001 STANDARD
90 0 1311 0 62.460762 STANDARD
90 0 17 0 61.603268 STANDARD
90 0 1392 0 61.145767 STANDARD
90 0 447 0 60.324375 STANDARD
91 0 88 0 54.155216 STANDARD
91 0 68 0 54.023277 STANDARD
91 0 448 0 53.08081 STANDARD
91 0 1054 0 52.83904 STANDARD
91 0 52 0 51.442154 STANDARD
91 0 47 0 50.970093 STANDARD
91 0 35 0 50.370712 STANDARD
91 0 613 0 49.88903 STANDARD
91 0 589 0 49.78968 STANDARD
91 0 487 0 49.069355 STANDARD
91 0 562 0 48.185883 STANDARD
91 0 665 0 47.81859 STANDARD
91 0 655 0 46.690414 STANDARD
91 0 93 0 45.96058 STANDARD
91 0 1072 0 45.59302 STANDARD
91 0 873 0 44.839844 STANDARD
91 0 789 0 44.700695 STANDARD
91 0 71 0 44.19731 STANDARD
91 0 89 0 43.620396 STANDARD
91 0 636 0 43.49992 STANDARD
92 0 520 0 25.045336 STANDARD
92 0 726 0 21.78173 STANDARD
92 0 1415 0 20.606998 STANDARD
92 0 813 0 20.195341 STANDARD
92 0 380 0 18.17552 STANDARD
92 0 371 0 17.9534 STANDARD
92 0 1197 0 16.962532 STANDARD
92 0 145 0 16.207338 STANDARD
92 0 507 0 15.872337 STANDARD
92 0 403 0 14.777935 STANDARD
92 0 709 0 14.649599 STANDARD
92 0 391 0 14.569517 STANDARD
92 0 559 0 13.839774 STANDARD
92 0 1175 0 13.4734 STANDARD
92 0 3 0 13.411201 STANDARD
92 0 142 0 13.296868 STANDARD
92 0 181 0 13.194082 STANDARD
92 0 865 0 12.983064 STANDARD
92 0 958 0 12.70633 STANDARD
92 0 699 0 12.694926 STANDARD
93 0 1124 0 53.549984 STANDARD
93 0 894 0 51.246243 STANDARD
93 0 448 0 47.581627 STANDARD
93 0 321 0 44.112724 STANDARD
93 0 483 0 43.23253 STANDARD
93 0 43 0 41.61776 STANDARD
93 0 661 0 40.28059 STANDARD
93 0 813 0 39.238953 STANDARD
93 0 79 0 38.46201 STANDARD
93 0 571 0 38.38668 STANDARD
93 0 71 0 38.267384 STANDARD
93 0 636 0 37.99182 STANDARD
93 0 341 0 37.966385 STANDARD
93 0 487 0 37.955112 STANDARD
93 0 682 0 37.692352 STANDARD
93 0 608 0 37.59851 STANDARD
93 0 498 0 36.54247 STANDARD
93 0 86 0 34.9983 STANDARD
93 0 596 0 34.75145 STANDARD
93 0 150 0 34.37601 STANDARD
94 0 1136 0 32.801403 STANDARD
94 0 538 0 30.738365 STANDARD
94 0 490 0 29.530218 STANDARD
94 0 461 0 27.91097 STANDARD
94 0 309 0 25.084852 STANDARD
94 0 376 0 24.866608 STANDARD
94 0 129 0 22.881453 STANDARD
94 0 512 0 22.43867 STANDARD
94 0 993 0 22.31605 STANDARD
94 0 319 0 22.25532 STANDARD
94 0 458 0 22.227278 STANDARD
94 0 180 0 21.979572 STANDARD
94 0 706 0 21.930237 STANDARD
94 0 1418 0 21.929287 STANDARD
94 0 67 0 21.68453 STANDARD
94 0 375 0 21.573484 STANDARD
94 0 779 0 21.378027 STANDARD
94 0 611 0 21.25387 STANDARD
94 0 474 0 21.234514 STANDARD
94 0 575 0 21.09959 STANDARD
95 0 319 0 54.220104 STANDARD
95 0 531 0 47.508404 STANDARD
95 0 1415 0 36.117935 STANDARD
95 0 739 0 35.07595 STANDARD
95 0 54 0 34.268795 STANDARD
95 0 659 0 33.208214 STANDARD
95 0 446 0 32.14643 STANDARD
95 0 895 0 30.932615 STANDARD
95 0 25 0 30.358595 STANDARD
95 0 1054 0 29.14034 STANDARD
95 0 77 0 28.464308 STANDARD
95 0 1230 0 27.915375 STANDARD
95 0 810 0 27.832266 STANDARD
95 0 838 0 27.620613 STANDARD
95 0 519 0 26.688255 STANDARD
95 0 217 0 26.480312 STANDARD
95 0 523 0 25.780018 STANDARD
95 0 562 0 25.42463 STANDARD
95 0 17 0 25.298925 STANDARD
95 0 512 0 25.262291 STANDARD
96 0 319 0 31.736006 STANDARD
96 0 519 0 25.460718 STANDARD
96 0 523 0 25.164307 STANDARD
96 0 779 0 24.916256 STANDARD
96 0 448 0 24.90756 STANDARD
96 0 460 0 24.68868 STANDARD
96 0 1054 0 24.534893 STANDARD
96 0 486 0 23.5645 STANDARD
96 0 309 0 23.30167 STANDARD
96 0 575 0 23.243824 STANDARD
96 0 1136 0 23.080683 STANDARD
96 0 659 0 22.51893 STANDARD
96 0 1120 0 22.137035 STANDARD
96 0 571 0 22.02779 STANDARD
96 0 795 0 21.781677 STANDARD
96 0 745 0 21.706385 STANDARD
96 0 538 0 20.644566 STANDARD
96 0 660 0 20.391617 STANDARD
96 0 461 0 20.141909 STANDARD
96 0 17 0 20.09654 STANDARD
97 0 531 0 59.425163 STANDARD
97 0 448 0 54.272495 STANDARD
97 0 1415 0 53.390545 STANDARD
97 0 77 0 45.430958 STANDARD
97 0 446 0 41.785336 STANDARD
97 0 319 0 37.772327 STANDARD
97 0 1120 0 37.186634 STANDARD
97 0 706 0 36.70271 STANDARD
97 0 606 0 35.59032 STANDARD
97 0 16 0 35.253494 STANDARD
97 0 486 0 35.21876 STANDARD
97 0 67 0 35.153656 STANDARD
97 0 688 0 34.931507 STANDARD
97 0 17 0 34.465942 STANDARD
97 0 500 0 34.0904 STANDARD
97 0 709 0 33.907707 STANDARD
97 0 779 0 33.80148 STANDARD
97 0 571 0 33.36605 STANDARD
97 0 1054 0 33.111732 STANDARD
97 0 659 0 32.635845 STANDARD
10 0 1224 0 10.951041 STANDARD
10 0 1244 0 10.441747 STANDARD
10 0 1054 0 10.279049 STANDARD
10 0 536 0 9.756525 STANDARD
10 0 229 0 8.980475 STANDARD
10 0 1385 0 8.472019 STANDARD
10 0 28 0 8.075934 STANDARD
10 0 25 0 8.021667 STANDARD
10 0 590 0 7.785454 STANDARD
10 0 1411 0 7.6832514 STANDARD
10 0 1309 0 7.4601903 STANDARD
10 0 575 0 6.9572167 STANDARD
10 0 228 0 6.7529917 STANDARD
10 0 471 0 6.551309 STANDARD
10 0 1124 0 6.504269 STANDARD
10 0 1415 0 6.419123 STANDARD
10 0 445 0 6.414846 STANDARD
10 0 826 0 6.321263 STANDARD
10 0 462 0 6.202264 STANDARD
10 0 641 0 6.185245 STANDARD
98 0 124 0 62.759777 STANDARD
98 0 546 0 62.587875 STANDARD
98 0 606 0 60.28498 STANDARD
98 0 648 0 54.188164 STANDARD
98 0 626 0 48.0127 STANDARD
98 0 594 0 47.346867 STANDARD
98 0 728 0 44.522003 STANDARD
98 0 451 0 44.496754 STANDARD
98 0 1120 0 42.28495 STANDARD
98 0 538 0 41.52028 STANDARD
98 0 1171 0 41.368122 STANDARD
98 0 250 0 41.165287 STANDARD
98 0 123 0 41.095444 STANDARD
98 0 593 0 40.806847 STANDARD
98 0 309 0 40.710632 STANDARD
98 0 547 0 39.610653 STANDARD
98 0 497 0 37.94488 STANDARD
98 0 630 0 37.898903 STANDARD
98 0 1013 0 37.484127 STANDARD
98 0 993 0 37.010124 STANDARD
11 0 965 0 10.267515 STANDARD
11 0 147 0 7.500414 STANDARD
11 0 474 0 7.0462284 STANDARD
11 0 690 0 6.8926616 STANDARD
11 0 575 0 6.7151513 STANDARD
11 0 137 0 6.709748 STANDARD
11 0 899 0 6.4618087 STANDARD
11 0 771 0 6.4484506 STANDARD
11 0 166 0 6.4286413 STANDARD
11 0 1054 0 6.413628 STANDARD
11 0 60 0 6.3897667 STANDARD
11 0 1098 0 6.3608017 STANDARD
11 0 1358 0 6.236424 STANDARD
11 0 1120 0 6.077062 STANDARD
11 0 128 0 6.0705175 STANDARD
11 0 471 0 6.0586276 STANDARD
11 0 544 0 6.046999 STANDARD
11 0 1191 0 6.032879 STANDARD
11 0 1102 0 6.0121818 STANDARD
11 0 779 0 5.8268037 STANDARD
99 0 1120 0 51.383812 STANDARD
99 0 546 0 48.630825 STANDARD
99 0 309 0 44.787033 STANDARD
99 0 648 0 43.91959 STANDARD
99 0 124 0 43.35194 STANDARD
99 0 1054 0 42.554176 STANDARD
99 0 523 0 40.922638 STANDARD
99 0 1124 0 40.886112 STANDARD
99 0 606 0 39.645367 STANDARD
99 0 626 0 39.574387 STANDARD
99 0 779 0 38.76885 STANDARD
99 0 575 0 38.719467 STANDARD
99 0 728 0 37.891926 STANDARD
99 0 610 0 37.684284 STANDARD
99 0 250 0 37.61406 STANDARD
99 0 538 0 37.494205 STANDARD
99 0 615 0 36.14793 STANDARD
99 0 1171 0 35.200874 STANDARD
99 0 486 0 34.910374 STANDARD
99 0 514 0 34.65025 STANDARD
12 0 686 0 9.400168 STANDARD
12 0 1167 0 8.648719 STANDARD
12 0 1209 0 8.421978 STANDARD
12 0 725 0 7.5987206 STANDARD
12 0 1097 0 7.54416 STANDARD
12 0 1123 0 7.3563323 STANDARD
12 0 1108 0 7.224124 STANDARD
12 0 543 0 6.982833 STANDARD
12 0 1191 0 6.8193946 STANDARD
12 0 1418 0 6.737257 STANDARD
12 0 618 0 6.5412903 STANDARD
12 0 831 0 6.52619 STANDARD
12 0 89 0 6.060508 STANDARD
12 0 1098 0 5.956893 STANDARD
12 0 748 0 5.8096075 STANDARD
12 0 1416 0 5.782222 STANDARD
12 0 1173 0 5.77705 STANDARD
12 0 1240 0 5.7510195 STANDARD
12 0 721 0 5.6649466 STANDARD
12 0 1324 0 5.6521235 STANDARD
13 0 611 0 11.569663 STANDARD
13 0 1120 0 10.699435 STANDARD
13 0 128 0 9.412722 STANDARD
13 0 538 0 9.278284 STANDARD
13 0 153 0 8.836226 STANDARD
13 0 1054 0 8.565101 STANDARD
13 0 1098 0 8.486733 STANDARD
13 0 486 0 8.161068 STANDARD
13 0 120 0 8.140186 STANDARD
13 0 866 0 8.117812 STANDARD
13 0 658 0 8.059453 STANDARD
13 0 519 0 7.992271 STANDARD
13 0 474 0 7.930668 STANDARD
13 0 121 0 7.9192376 STANDARD
13 0 1130 0 7.827434 STANDARD
13 0 615 0 7.8085713 STANDARD
13 0 461 0 7.6468487 STANDARD
13 0 690 0 7.47069 STANDARD
13 0 67 0 7.429996 STANDARD
13 0 826 0 7.4131756 STANDARD
14 0 401 0 6.6107216 STANDARD
14 0 1144 0 5.635699 STANDARD
14 0 596 0 5.304581 STANDARD
14 0 907 0 5.2096686 STANDARD
14 0 1249 0 5.056906 STANDARD
14 0 236 0 4.926161 STANDARD
14 0 181 0 4.8974094 STANDARD
14 0 60 0 4.8464546 STANDARD
14 0 661 0 4.845787 STANDARD
14 0 410 0 4.530048 STANDARD
14 0 72 0 4.4887204 STANDARD
14 0 182 0 4.47367 STANDARD
14 0 216 0 4.4400697 STANDARD
14 0 1147 0 4.428797 STANDARD
14 0 891 0 4.408885 STANDARD
14 0 564 0 4.2514677 STANDARD
14 0 220 0 4.198557 STANDARD
14 0 209 0 4.1396675 STANDARD
14 0 1050 0 4.1130314 STANDARD
14 0 666 0 3.9586034 STANDARD
15 0 860 0 11.541935 STANDARD
15 0 177 0 11.383788 STANDARD
15 0 6 0 10.817594 STANDARD
15 0 849 0 10.624455 STANDARD
15 0 17 0 10.357112 STANDARD
15 0 180 0 10.2650585 STANDARD
15 0 865 0 10.159466 STANDARD
15 0 591 0 10.152335 STANDARD
15 0 917 0 9.723765 STANDARD
15 0 255 0 9.696434 STANDARD
15 0 1120 0 9.671988 STANDARD
15 0 615 0 9.504268 STANDARD
15 0 575 0 9.169244 STANDARD
15 0 515 0 9.072882 STANDARD
15 0 979 0 8.841218 STANDARD
15 0 611 0 8.611219 STANDARD
15 0 916 0 8.495473 STANDARD
15 0 375 0 8.41939 STANDARD
15 0 336 0 8.408906 STANDARD
15 0 1353 0 8.263216 STANDARD
16 0 60 0 11.236221 STANDARD
16 0 236 0 10.372207 STANDARD
16 0 1054 0 8.564813 STANDARD
16 0 611 0 8.3197565 STANDARD
16 0 401 0 7.9985247 STANDARD
16 0 907 0 7.059475 STANDARD
16 0 319 0 6.769849 STANDARD
16 0 641 0 6.512869 STANDARD
16 0 471 0 6.492815 STANDARD
16 0 538 0 6.4501038 STANDARD
16 0 445 0 6.4394584 STANDARD
16 0 67 0 6.3627563 STANDARD
16 0 487 0 6.2503104 STANDARD
16 0 883 0 6.1697254 STANDARD
16 0 575 0 6.0706596 STANDARD
16 0 1307 0 6.06384 STANDARD
16 0 24 0 6.0494294 STANDARD
16 0 1258 0 5.9988327 STANDARD
16 0 460 0 5.9782534 STANDARD
16 0 596 0 5.977439 STANDARD
17 0 252 0 9.664224 STANDARD
17 0 319 0 7.4559307 STANDARD
17 0 488 0 7.4016333 STANDARD
17 0 773 0 6.398313 STANDARD
17 0 1047 0 6.3337374 STANDARD
17 0 538 0 5.9894743 STANDARD
17 0 528 0 5.753511 STANDARD
17 0 1158 0 5.7508135 STANDARD
17 0 136 0 5.733491 STANDARD
17 0 123 0 5.712482 STANDARD
17 0 1404 0 5.6433234 STANDARD
17 0 571 0 5.4939756 STANDARD
17 0 1371 0 5.4456005 STANDARD
17 0 1108 0 5.42364 STANDARD
17 0 457 0 5.400642 STANDARD
17 0 1408 0 5.3126807 STANDARD
17 0 104 0 5.194229 STANDARD
17 0 1019 0 5.1272974 STANDARD
17 0 967 0 4.9521666 STANDARD
17 0 1054 0 4.9332438 STANDARD
18 0 668 0 25.739595 STANDARD
18 0 1092 0 17.403143 STANDARD
18 0 669 0 16.350899 STANDARD
18 0 1452 0 14.04392 STANDARD
18 0 706 0 13.457033 STANDARD
18 0 671 0 13.43936 STANDARD
18 0 666 0 13.038533 STANDARD
18 0 1399 0 12.34161 STANDARD
18 0 564 0 12.060203 STANDARD
18 0 890 0 11.679214 STANDARD
18 0 179 0 11.457833 STANDARD
18 0 746 0 11.182828 STANDARD
18 0 1261 0 11.026828 STANDARD
18 0 701 0 10.943365 STANDARD
18 0 596 0 10.675807 STANDARD
18 0 698 0 10.480839 STANDARD
18 0 694 0 10.469692 STANDARD
18 0 412 0 10.21058 STANDARD
18 0 1340 0 10.154995 STANDARD
18 0 663 0 10.060803 STANDARD
19 0 706 0 12.088961 STANDARD
19 0 527 0 11.478479 STANDARD
19 0 1415 0 10.231258 STANDARD
19 0 1180 0 9.637877 STANDARD
19 0 1409 0 9.531608 STANDARD
19 0 487 0 9.3638115 STANDARD
19 0 579 0 9.357889 STANDARD
19 0 380 0 9.223438 STANDARD
19 0 1372 0 8.81881 STANDARD
19 0 252 0 8.461356 STANDARD
19 0 419 0 8.194163 STANDARD
19 0 1091 0 8.005538 STANDARD
19 0 179 0 8.005435 STANDARD
19 0 1199 0 7.8861485 STANDARD
19 0 689 0 7.8763337 STANDARD
19 0 835 0 7.7807417 STANDARD
19 0 1229 0 7.265207 STANDARD
19 0 517 0 7.2627196 STANDARD
19 0 993 0 7.259069 STANDARD
19 0 810 0 7.205196 STANDARD
1 0 429 0 20.372225 STANDARD
1 0 60 0 17.395294 STANDARD
1 0 541 0 15.030163 STANDARD
1 0 928 0 14.808047 STANDARD
1 0 236 0 14.778482 STANDARD
1 0 722 0 14.693375 STANDARD
1 0 603 0 13.510422 STANDARD
1 0 1421 0 13.382487 STANDARD
1 0 596 0 13.191237 STANDARD
1 0 589 0 13.174444 STANDARD
1 0 820 0 13.144954 STANDARD
1 0 1195 0 13.073466 STANDARD
1 0 413 0 13.029958 STANDARD
1 0 958 0 12.98318 STANDARD
1 0 76 0 12.788979 STANDARD
1 0 1054 0 12.678594 STANDARD
1 0 17 0 12.069241 STANDARD
1 0 1091 0 11.89509 STANDARD
1 0 510 0 11.866853 STANDARD
1 0 276 0 11.828878 STANDARD
2 0 1156 0 10.924999 STANDARD
2 0 309 0 10.913972 STANDARD
2 0 1138 0 9.807902 STANDARD
2 0 488 0 9.12959 STANDARD
2 0 1158 0 8.813004 STANDARD
2 0 562 0 8.414591 STANDARD
2 0 1008 0 8.283525 STANDARD
2 0 1136 0 8.082783 STANDARD
2 0 1236 0 8.026739 STANDARD
2 0 611 0 7.9167557 STANDARD
2 0 790 0 7.6907763 STANDARD
2 0 420 0 7.5442877 STANDARD
2 0 1096 0 7.5304966 STANDARD
2 0 1419 0 7.475124 STANDARD
2 0 597 0 7.45742 STANDARD
2 0 180 0 7.323731 STANDARD
2 0 532 0 7.307534 STANDARD
2 0 1399 0 7.2860193 STANDARD
2 0 445 0 7.186743 STANDARD
2 0 797 0 7.082554 STANDARD
3 0 60 0 9.126531 STANDARD
3 0 1181 0 8.690477 STANDARD
3 0 445 0 7.592068 STANDARD
3 0 469 0 7.150146 STANDARD
3 0 540 0 6.892543 STANDARD
3 0 640 0 5.861066 STANDARD
3 0 1142 0 5.823344 STANDARD
3 0 85 0 5.7338696 STANDARD
3 0 160 0 5.7130456 STANDARD
3 0 1027 0 5.6357484 STANDARD
3 0 17 0 5.5909863 STANDARD
3 0 1330 0 5.5036364 STANDARD
3 0 1169 0 5.4490614 STANDARD
3 0 236 0 5.4460464 STANDARD
3 0 497 0 5.444091 STANDARD
3 0 1235 0 5.398883 STANDARD
3 0 100 0 5.3457894 STANDARD
3 0 398 0 5.306432 STANDARD
3 0 599 0 5.2976227 STANDARD
3 0 1314 0 5.191242 STANDARD
4 0 179 0 8.707916 STANDARD
4 0 746 0 8.641717 STANDARD
4 0 1252 0 8.568058 STANDARD
4 0 666 0 7.8982964 STANDARD
4 0 420 0 7.787531 STANDARD
4 0 661 0 7.5790524 STANDARD
4 0 1105 0 7.2357235 STANDARD
4 0 571 0 7.2227283 STANDARD
4 0 1144 0 7.170988 STANDARD
4 0 581 0 7.109565 STANDARD
4 0 72 0 7.0002756 STANDARD
4 0 556 0 6.882715 STANDARD
4 0 636 0 6.8161764 STANDARD
4 0 643 0 6.7505913 STANDARD
4 0 1226 0 6.7143 STANDARD
4 0 565 0 6.6954546 STANDARD
4 0 790 0 6.6332703 STANDARD
4 0 601 0 6.5175757 STANDARD
4 0 6 0 6.4849772 STANDARD
4 0 77 0 6.458906 STANDARD
5 0 60 0 12.779533 STANDARD
5 0 236 0 12.649469 STANDARD
5 0 1171 0 11.075703 STANDARD
5 0 648 0 10.972872 STANDARD
5 0 656 0 10.885363 STANDARD
5 0 137 0 10.6833 STANDARD
5 0 388 0 10.418234 STANDARD
5 0 1038 0 10.249134 STANDARD
5 0 147 0 10.083738 STANDARD
5 0 1054 0 9.923598 STANDARD
5 0 471 0 9.716994 STANDARD
5 0 1105 0 9.398481 STANDARD
5 0 611 0 9.392416 STANDARD
5 0 1214 0 9.329943 STANDARD
5 0 1166 0 9.163463 STANDARD
5 0 398 0 9.108908 STANDARD
5 0 122 0 9.083903 STANDARD
5 0 132 0 9.026969 STANDARD
5 0 1136 0 8.988384 STANDARD
5 0 904 0 8.855332 STANDARD
6 0 1045 0 9.867518 STANDARD
6 0 398 0 9.610754 STANDARD
6 0 1077 0 8.550167 STANDARD
6 0 96 0 8.52869 STANDARD
6 0 312 0 8.358562 STANDARD
6 0 228 0 8.327224 STANDARD
6 0 544 0 8.175324 STANDARD
6 0 386 0 7.9883623 STANDARD
6 0 1201 0 7.7440367 STANDARD
6 0 418 0 7.303442 STANDARD
6 0 542 0 7.1044283 STANDARD
6 0 1111 0 7.0788813 STANDARD
6 0 400 0 7.0324974 STANDARD
6 0 967 0 6.944404 STANDARD
6 0 311 0 6.84151 STANDARD
6 0 313 0 6.739843 STANDARD
6 0 1315 0 6.652094 STANDARD
6 0 71 0 6.592501 STANDARD
6 0 1263 0 6.583372 STANDARD
6 0 79 0 6.5231476 STANDARD
7 0 461 0 11.480844 STANDARD
7 0 1252 0 10.184374 STANDARD
7 0 835 0 10.0432415 STANDARD
7 0 376 0 9.945665 STANDARD
7 0 446 0 9.900449 STANDARD
7 0 374 0 9.568373 STANDARD
7 0 958 0 9.351402 STANDARD
7 0 1180 0 9.25288 STANDARD
7 0 678 0 9.238561 STANDARD
7 0 1391 0 9.207123 STANDARD
7 0 1360 0 9.131377 STANDARD
7 0 1241 0 9.083837 STANDARD
7 0 366 0 9.081831 STANDARD
7 0 263 0 9.075183 STANDARD
7 0 380 0 9.07246 STANDARD
7 0 873 0 9.072109 STANDARD
7 0 1136 0 9.023156 STANDARD
7 0 1172 0 8.862879 STANDARD
7 0 180 0 8.793934 STANDARD
7 0 1248 0 8.708255 STANDARD
8 0 1124 0 11.115573 STANDARD
8 0 60 0 11.00519 STANDARD
8 0 236 0 10.3491745 STANDARD
8 0 257 0 10.036684 STANDARD
8 0 1120 0 9.868933 STANDARD
8 0 434 0 9.773364 STANDARD
8 0 796 0 9.73533 STANDARD
8 0 688 0 9.629982 STANDARD
8 0 159 0 9.209664 STANDARD
8 0 136 0 8.822669 STANDARD
8 0 538 0 8.816584 STANDARD
8 0 539 0 8.807065 STANDARD
8 0 640 0 8.693372 STANDARD
8 0 1139 0 8.632308 STANDARD
8 0 746 0 8.263447 STANDARD
8 0 761 0 8.232368 STANDARD
8 0 1027 0 7.9082003 STANDARD
8 0 530 0 7.901038 STANDARD
8 0 1164 0 7.7170496 STANDARD
8 0 477 0 7.696007 STANDARD
9 0 1120 0 13.28627 STANDARD
9 0 571 0 10.520091 STANDARD
9 0 309 0 9.047122 STANDARD
9 0 179 0 8.586438 STANDARD
9 0 1136 0 8.407488 STANDARD
9 0 483 0 8.019381 STANDARD
9 0 1419 0 7.9731784 STANDARD
9 0 60 0 7.8177323 STANDARD
9 0 135 0 7.782035 STANDARD
9 0 1054 0 7.5898128 STANDARD
9 0 175 0 7.2054996 STANDARD
9 0 180 0 7.1276646 STANDARD
9 0 17 0 7.0982175 STANDARD
9 0 591 0 7.09568 STANDARD
9 0 114 0 7.092333 STANDARD
9 0 488 0 6.924543 STANDARD
9 0 661 0 6.8632407 STANDARD
9 0 564 0 6.685204 STANDARD
9 0 1327 0 6.539535 STANDARD
9 0 538 0 6.4501038 STANDARD
20 0 180 0 8.123503 STANDARD
20 0 336 0 6.9999967 STANDARD
20 0 917 0 6.765712 STANDARD
20 0 916 0 6.7199416 STANDARD
20 0 177 0 6.436792 STANDARD
20 0 865 0 6.1292367 STANDARD
20 0 287 0 5.9436016 STANDARD
20 0 849 0 5.850362 STANDARD
20 0 406 0 5.823816 STANDARD
20 0 595 0 5.753412 STANDARD
20 0 860 0 5.5167813 STANDARD
20 0 979 0 5.493874 STANDARD
20 0 990 0 5.2164607 STANDARD
20 0 135 0 5.211016 STANDARD
20 0 474 0 5.0992393 STANDARD
20 0 174 0 5.0219326 STANDARD
20 0 1139 0 4.930606 STANDARD
20 0 1120 0 4.877285 STANDARD
20 0 136 0 4.853049 STANDARD
20 0 134 0 4.785709 STANDARD
21 0 1205 0 6.4140515 STANDARD
21 0 137 0 6.3081784 STANDARD
21 0 339 0 6.2843866 STANDARD
21 0 896 0 6.089937 STANDARD
21 0 216 0 6.015922 STANDARD
21 0 475 0 5.926321 STANDARD
21 0 186 0 5.6149 STANDARD
21 0 68 0 5.480346 STANDARD
21 0 1114 0 5.27631 STANDARD
21 0 132 0 5.234164 STANDARD
21 0 1206 0 5.01518 STANDARD
21 0 1103 0 5.000093 STANDARD
21 0 965 0 4.9084506 STANDARD
21 0 1102 0 4.8662696 STANDARD
21 0 163 0 4.808213 STANDARD
21 0 1015 0 4.782114 STANDARD
21 0 185 0 4.6771784 STANDARD
21 0 29 0 4.6006103 STANDARD
21 0 1099 0 4.3111234 STANDARD
21 0 771 0 4.2364674 STANDARD
22 0 1114 0 7.320774 STANDARD
22 0 917 0 6.2676105 STANDARD
22 0 180 0 6.198127 STANDARD
22 0 216 0 6.1856337 STANDARD
22 0 410 0 6.102949 STANDARD
22 0 177 0 5.6804037 STANDARD
22 0 136 0 5.496063 STANDARD
22 0 174 0 5.4782057 STANDARD
22 0 1027 0 5.437142 STANDARD
22 0 916 0 5.189928 STANDARD
22 0 336 0 5.163493 STANDARD
22 0 1249 0 5.056906 STANDARD
22 0 970 0 4.9967785 STANDARD
22 0 406 0 4.943758 STANDARD
22 0 181 0 4.8974094 STANDARD
22 0 215 0 4.871463 STANDARD
22 0 220 0 4.733297 STANDARD
22 0 990 0 4.567728 STANDARD
22 0 202 0 4.5613422 STANDARD
22 0 979 0 4.555984 STANDARD
23 0 916 0 9.666761 STANDARD
23 0 177 0 9.388105 STANDARD
23 0 917 0 9.353337 STANDARD
23 0 406 0 8.830432 STANDARD
23 0 990 0 8.5166025 STANDARD
23 0 336 0 8.408906 STANDARD
23 0 874 0 8.388633 STANDARD
23 0 979 0 8.333795 STANDARD
23 0 180 0 8.123503 STANDARD
23 0 202 0 8.116626 STANDARD
23 0 137 0 7.800638 STANDARD
23 0 174 0 7.556534 STANDARD
23 0 367 0 7.343572 STANDARD
23 0 865 0 7.3345976 STANDARD
23 0 290 0 7.294653 STANDARD
23 0 1114 0 7.2565885 STANDARD
23 0 849 0 7.2296944 STANDARD
23 0 860 0 7.156893 STANDARD
23 0 186 0 7.109125 STANDARD
23 0 184 0 6.9753723 STANDARD
24 0 924 0 26.672064 STANDARD
24 0 896 0 19.241598 STANDARD
24 0 1423 0 17.139246 STANDARD
24 0 1166 0 15.771345 STANDARD
24 0 934 0 15.201174 STANDARD
24 0 923 0 14.13513 STANDARD
24 0 648 0 13.842719 STANDARD
24 0 22 0 12.908837 STANDARD
24 0 339 0 12.039628 STANDARD
24 0 1325 0 11.456931 STANDARD
24 0 405 0 11.204967 STANDARD
24 0 216 0 11.136556 STANDARD
24 0 1403 0 10.797501 STANDARD
24 0 1206 0 10.685254 STANDARD
24 0 1239 0 10.609194 STANDARD
24 0 371 0 10.4697895 STANDARD
24 0 945 0 10.180941 STANDARD
24 0 910 0 10.167141 STANDARD
24 0 144 0 9.97719 STANDARD
24 0 185 0 9.559873 STANDARD
25 0 49 0 6.936485 STANDARD
25 0 323 0 6.38074 STANDARD
25 0 121 0 6.1343145 STANDARD
25 0 1284 0 5.897869 STANDARD
25 0 440 0 5.8351264 STANDARD
25 0 611 0 5.765132 STANDARD
25 0 1245 0 5.6665044 STANDARD
25 0 1435 0 5.5227723 STANDARD
25 0 421 0 5.513233 STANDARD
25 0 130 0 5.485583 STANDARD
25 0 591 0 5.4081435 STANDARD
25 0 676 0 5.2514715 STANDARD
25 0 717 0 5.1987495 STANDARD
25 0 18 0 5.1944942 STANDARD
25 0 1378 0 5.048329 STANDARD
25 0 1298 0 5.0014195 STANDARD
25 0 996 0 4.952464 STANDARD
25 0 411 0 4.928535 STANDARD
25 0 482 0 4.848242 STANDARD
25 0 999 0 4.758324 STANDARD
26 0 865 0 12.821252 STANDARD
26 0 860 0 12.43001 STANDARD
26 0 158 0 9.888513 STANDARD
26 0 615 0 9.881174 STANDARD
26 0 639 0 9.709848 STANDARD
26 0 1358 0 9.691913 STANDARD
26 0 974 0 9.416038 STANDARD
26 0 979 0 9.204113 STANDARD
26 0 591 0 9.042104 STANDARD
26 0 822 0 8.931559 STANDARD
26 0 74 0 8.705076 STANDARD
26 0 336 0 8.455995 STANDARD
26 0 27 0 8.356715 STANDARD
26 0 497 0 8.352315 STANDARD
26 0 849 0 8.277283 STANDARD
26 0 842 0 8.162961 STANDARD
26 0 180 0 8.123503 STANDARD
26 0 523 0 8.066782 STANDARD
26 0 1417 0 8.001181 STANDARD
26 0 292 0 7.8501196 STANDARD
27 0 680 0 12.3579235 STANDARD
27 0 1197 0 12.0363455 STANDARD
27 0 375 0 10.515095 STANDARD
27 0 538 0 9.697304 STANDARD
27 0 461 0 9.366219 STANDARD
27 0 376 0 8.980056 STANDARD
27 0 90 0 8.466275 STANDARD
27 0 512 0 8.464603 STANDARD
27 0 458 0 8.207105 STANDARD
27 0 696 0 8.143814 STANDARD
27 0 773 0 8.140503 STANDARD
27 0 798 0 8.070734 STANDARD
27 0 1120 0 8.066687 STANDARD
27 0 1366 0 8.0155945 STANDARD
27 0 257 0 7.956877 STANDARD
27 0 1078 0 7.933128 STANDARD
27 0 693 0 7.6717005 STANDARD
27 0 865 0 7.4776616 STANDARD
27 0 180 0 7.4510465 STANDARD
27 0 1136 0 7.3987503 STANDARD
28 0 1460 0 8.127716 STANDARD
28 0 1120 0 7.3037243 STANDARD
28 0 1114 0 7.067721 STANDARD
28 0 641 0 6.927862 STANDARD
28 0 696 0 5.8264766 STANDARD
28 0 1092 0 5.8044734 STANDARD
28 0 460 0 5.5737877 STANDARD
28 0 1164 0 5.550997 STANDARD
28 0 375 0 5.542212 STANDARD
28 0 1072 0 5.492384 STANDARD
28 0 1162 0 5.4100327 STANDARD
28 0 376 0 5.380282 STANDARD
28 0 114 0 5.2929144 STANDARD
28 0 156 0 5.1979876 STANDARD
28 0 1128 0 5.1968985 STANDARD
28 0 680 0 5.1500874 STANDARD
28 0 461 0 5.106729 STANDARD
28 0 607 0 5.089735 STANDARD
28 0 85 0 4.9662275 STANDARD
28 0 497 0 4.8510027 STANDARD
29 0 1136 0 6.332672 STANDARD
29 0 869 0 6.3288407 STANDARD
29 0 824 0 5.8968487 STANDARD
29 0 773 0 5.465713 STANDARD
29 0 1197 0 5.44084 STANDARD
29 0 377 0 5.416558 STANDARD
29 0 108 0 5.3759584 STANDARD
29 0 680 0 5.2273664 STANDARD
29 0 1144 0 5.223083 STANDARD
29 0 390 0 5.0156 STANDARD
29 0 1419 0 4.8042154 STANDARD
29 0 80 0 4.621417 STANDARD
29 0 512 0 4.618636 STANDARD
29 0 812 0 4.531063 STANDARD
29 0 489 0 4.4289937 STANDARD
29 0 701 0 4.4104834 STANDARD
29 0 400 0 4.3712974 STANDARD
29 0 257 0 4.3637767 STANDARD
29 0 1416 0 4.2308545 STANDARD
29 0 321 0 4.166824 STANDARD
30 0 121 0 6.1343145 STANDARD
30 0 49 0 6.124977 STANDARD
30 0 10 0 5.904056 STANDARD
30 0 18 0 5.708336 STANDARD
30 0 198 0 5.602463 STANDARD
30 0 1109 0 5.4408464 STANDARD
30 0 821 0 5.2696476 STANDARD
30 0 717 0 5.1987495 STANDARD
30 0 1097 0 5.172704 STANDARD
30 0 440 0 5.0653753 STANDARD
30 0 905 0 5.062377 STANDARD
30 0 1055 0 4.775802 STANDARD
30 0 1432 0 4.7258844 STANDARD
30 0 676 0 4.6497746 STANDARD
30 0 1114 0 4.6355014 STANDARD
30 0 1108 0 4.5141673 STANDARD
30 0 1298 0 4.46682 STANDARD
30 0 611 0 4.231703 STANDARD
30 0 225 0 4.2079716 STANDARD
30 0 618 0 4.201599 STANDARD
31 0 1299 0 6.891313 STANDARD
31 0 85 0 6.6030846 STANDARD
31 0 535 0 6.0165315 STANDARD
31 0 1297 0 5.888685 STANDARD
31 0 1208 0 5.6426578 STANDARD
31 0 1309 0 5.628372 STANDARD
31 0 1370 0 5.6104116 STANDARD
31 0 889 0 5.56164 STANDARD
31 0 1256 0 5.297057 STANDARD
31 0 537 0 5.254759 STANDARD
31 0 1348 0 5.205399 STANDARD
31 0 180 0 5.1263685 STANDARD
31 0 482 0 4.95055 STANDARD
31 0 123 0 4.8571234 STANDARD
31 0 136 0 4.7854056 STANDARD
31 0 1109 0 4.7385035 STANDARD
31 0 497 0 4.674691 STANDARD
31 0 1111 0 4.6031094 STANDARD
31 0 140 0 4.573994 STANDARD
31 0 614 0 4.56915 STANDARD
32 0 916 0 12.769156 STANDARD
32 0 1118 0 12.716686 STANDARD
32 0 52 0 12.265542 STANDARD
32 0 336 0 12.012374 STANDARD
32 0 865 0 12.007861 STANDARD
32 0 849 0 11.765628 STANDARD
32 0 17 0 11.206157 STANDARD
32 0 64 0 10.664634 STANDARD
32 0 291 0 10.551718 STANDARD
32 0 1421 0 10.539408 STANDARD
32 0 917 0 10.413482 STANDARD
32 0 180 0 10.399549 STANDARD
32 0 200 0 10.301412 STANDARD
32 0 1124 0 9.975149 STANDARD
32 0 77 0 9.609861 STANDARD
32 0 257 0 9.447948 STANDARD
32 0 1391 0 9.18486 STANDARD
32 0 680 0 9.062319 STANDARD
32 0 1197 0 8.823095 STANDARD
32 0 151 0 8.744194 STANDARD
33 0 180 0 13.039728 STANDARD
33 0 519 0 8.934713 STANDARD
33 0 1081 0 8.820608 STANDARD
33 0 1120 0 8.805761 STANDARD
33 0 68 0 8.662485 STANDARD
33 0 67 0 8.180072 STANDARD
33 0 376 0 8.155081 STANDARD
33 0 336 0 7.9747186 STANDARD
33 0 318 0 7.9519324 STANDARD
33 0 538 0 7.844627 STANDARD
33 0 980 0 7.6683574 STANDARD
33 0 916 0 7.581253 STANDARD
33 0 1054 0 7.4550853 STANDARD
33 0 648 0 7.3227677 STANDARD
33 0 1171 0 7.104235 STANDARD
33 0 461 0 7.0903015 STANDARD
33 0 630 0 7.0835056 STANDARD
33 0 177 0 7.0793786 STANDARD
33 0 176 0 7.020954 STANDARD
33 0 135 0 6.962715 STANDARD
34 0 1199 0 7.8861485 STANDARD
34 0 1180 0 7.0274944 STANDARD
34 0 1391 0 6.67145 STANDARD
34 0 380 0 6.3950243 STANDARD
34 0 680 0 6.1688967 STANDARD
34 0 521 0 6.0636115 STANDARD
34 0 263 0 5.864596 STANDARD
34 0 34 0 5.5521264 STANDARD
34 0 72 0 5.5306344 STANDARD
34 0 1197 0 5.44084 STANDARD
34 0 675 0 5.3465757 STANDARD
34 0 593 0 5.1731906 STANDARD
34 0 773 0 5.1659393 STANDARD
34 0 442 0 5.1421685 STANDARD
34 0 262 0 5.120635 STANDARD
34 0 530 0 5.065654 STANDARD
34 0 678 0 5.063474 STANDARD
34 0 446 0 5.0397897 STANDARD
34 0 835 0 4.986004 STANDARD
34 0 326 0 4.9431205 STANDARD
35 0 1207 0 7.502696 STANDARD
35 0 18 0 7.374854 STANDARD
35 0 375 0 6.975344 STANDARD
35 0 1145 0 6.9406548 STANDARD
35 0 385 0 6.7799926 STANDARD
35 0 910 0 6.3874183 STANDARD
35 0 1362 0 6.286291 STANDARD
35 0 466 0 6.2085195 STANDARD
35 0 121 0 6.1343145 STANDARD
35 0 49 0 6.124977 STANDARD
35 0 286 0 5.999662 STANDARD
35 0 403 0 5.971203 STANDARD
35 0 402 0 5.7491198 STANDARD
35 0 427 0 5.634103 STANDARD
35 0 1245 0 5.597983 STANDARD
35 0 130 0 5.492734 STANDARD
35 0 340 0 5.401309 STANDARD
35 0 1298 0 5.400411 STANDARD
35 0 717 0 5.1987495 STANDARD
35 0 250 0 5.131427 STANDARD
36 0 320 0 22.761507 STANDARD
36 0 1129 0 20.729277 STANDARD
36 0 1409 0 20.562641 STANDARD
36 0 1124 0 18.611284 STANDARD
36 0 1164 0 18.520857 STANDARD
36 0 1162 0 17.98422 STANDARD
36 0 174 0 17.83154 STANDARD
36 0 1118 0 17.171783 STANDARD
36 0 556 0 16.566177 STANDARD
36 0 1046 0 16.067915 STANDARD
36 0 1161 0 16.050165 STANDARD
36 0 760 0 15.935967 STANDARD
36 0 1224 0 15.857387 STANDARD
36 0 19 0 14.023354 STANDARD
36 0 1443 0 13.249528 STANDARD
36 0 17 0 12.985073 STANDARD
36 0 397 0 12.727898 STANDARD
36 0 342 0 12.7257 STANDARD
36 0 1185 0 12.702089 STANDARD
36 0 1226 0 12.545247 STANDARD
37 0 653 0 22.096054 STANDARD
37 0 1152 0 21.240707 STANDARD
37 0 79 0 20.540195 STANDARD
37 0 1091 0 19.406918 STANDARD
37 0 562 0 19.034542 STANDARD
37 0 757 0 17.80487 STANDARD
37 0 600 0 17.598183 STANDARD
37 0 688 0 17.265251 STANDARD
37 0 798 0 16.586975 STANDARD
37 0 478 0 16.306091 STANDARD
37 0 388 0 16.217005 STANDARD
37 0 150 0 16.091566 STANDARD
37 0 151 0 15.95007 STANDARD
37 0 1189 0 15.828151 STANDARD
37 0 761 0 15.735212 STANDARD
37 0 71 0 15.650962 STANDARD
37 0 319 0 15.611921 STANDARD
37 0 661 0 15.505075 STANDARD
37 0 1124 0 15.214248 STANDARD
37 0 680 0 15.115257 STANDARD
38 0 600 0 22.235733 STANDARD
38 0 71 0 21.499508 STANDARD
38 0 17 0 21.063766 STANDARD
38 0 1215 0 20.630993 STANDARD
38 0 1392 0 20.43115 STANDARD
38 0 321 0 19.993261 STANDARD
38 0 807 0 19.054935 STANDARD
38 0 150 0 18.87529 STANDARD
38 0 68 0 18.641533 STANDARD
38 0 1091 0 18.438122 STANDARD
38 0 79 0 18.307041 STANDARD
38 0 140 0 18.070986 STANDARD
38 0 504 0 17.66779 STANDARD
38 0 653 0 17.503933 STANDARD
38 0 478 0 17.335272 STANDARD
38 0 310 0 17.24387 STANDARD
38 0 761 0 17.16509 STANDARD
38 0 1136 0 17.083282 STANDARD
38 0 567 0 17.05352 STANDARD
38 0 835 0 16.747505 STANDARD
39 0 896 0 32.809467 STANDARD
39 0 1134 0 24.5944 STANDARD
39 0 1349 0 23.775652 STANDARD
39 0 17 0 22.41962 STANDARD
39 0 924 0 22.119349 STANDARD
39 0 388 0 21.815704 STANDARD
39 0 216 0 20.84124 STANDARD
39 0 1328 0 19.78695 STANDARD
39 0 1205 0 19.19926 STANDARD
39 0 946 0 18.820496 STANDARD
39 0 339 0 18.2391 STANDARD
39 0 934 0 17.436638 STANDARD
39 0 22 0 17.273859 STANDARD
39 0 323 0 17.196308 STANDARD
39 0 538 0 17.008957 STANDARD
39 0 220 0 16.89539 STANDARD
39 0 405 0 16.876816 STANDARD
39 0 123 0 16.838634 STANDARD
39 0 140 0 16.65971 STANDARD
39 0 593 0 16.600851 STANDARD
40 0 17 0 25.991219 STANDARD
40 0 1027 0 16.706758 STANDARD
40 0 1248 0 16.436466 STANDARD
40 0 138 0 15.987461 STANDARD
40 0 60 0 15.750642 STANDARD
40 0 236 0 15.479412 STANDARD
40 0 177 0 15.058772 STANDARD
40 0 1234 0 14.999553 STANDARD
40 0 323 0 14.368277 STANDARD
40 0 769 0 13.826311 STANDARD
40 0 482 0 13.812579 STANDARD
40 0 664 0 13.760777 STANDARD
40 0 391 0 13.742001 STANDARD
40 0 174 0 13.382255 STANDARD
40 0 1120 0 12.869485 STANDARD
40 0 797 0 12.791071 STANDARD
40 0 1118 0 12.772413 STANDARD
40 0 342 0 12.683148 STANDARD
40 0 2 0 12.516938 STANDARD
40 0 722 0 12.427891 STANDARD
41 0 388 0 25.22335 STANDARD
41 0 798 0 19.903585 STANDARD
41 0 1189 0 19.294348 STANDARD
41 0 351 0 19.187944 STANDARD
41 0 61 0 18.202333 STANDARD
41 0 86 0 16.930944 STANDARD
41 0 1066 0 16.721962 STANDARD
41 0 62 0 16.338264 STANDARD
41 0 464 0 16.244528 STANDARD
41 0 848 0 16.180672 STANDARD
41 0 772 0 15.573916 STANDARD
41 0 11 0 15.076656 STANDARD
41 0 1014 0 15.052693 STANDARD
41 0 1153 0 15.048251 STANDARD
41 0 900 0 14.8105545 STANDARD
41 0 17 0 14.536362 STANDARD
41 0 257 0 14.194891 STANDARD
41 0 142 0 13.976887 STANDARD
41 0 758 0 13.815612 STANDARD
41 0 132 0 13.642901 STANDARD
42 0 17 0 16.75932 STANDARD
42 0 538 0 15.767662 STANDARD
42 0 68 0 15.517392 STANDARD
42 0 123 0 14.77561 STANDARD
42 0 761 0 14.222011 STANDARD
42 0 138 0 13.998993 STANDARD
42 0 471 0 13.852975 STANDARD
42 0 896 0 13.466732 STANDARD
42 0 461 0 13.460087 STANDARD
42 0 575 0 13.443571 STANDARD
42 0 320 0 13.369537 STANDARD
42 0 413 0 13.215657 STANDARD
42 0 160 0 13.142527 STANDARD
42 0 131 0 12.930271 STANDARD
42 0 1448 0 12.919244 STANDARD
42 0 1179 0 12.907036 STANDARD
42 0 460 0 12.764018 STANDARD
42 0 971 0 12.750291 STANDARD
42 0 254 0 12.703734 STANDARD
42 0 1130 0 12.695601 STANDARD
43 0 27 0 17.27095 STANDARD
43 0 388 0 16.593405 STANDARD
43 0 17 0 16.416801 STANDARD
43 0 656 0 15.790764 STANDARD
43 0 538 0 15.512827 STANDARD
43 0 500 0 14.76821 STANDARD
43 0 180 0 14.3866205 STANDARD
43 0 1054 0 14.308469 STANDARD
43 0 819 0 14.169361 STANDARD
43 0 1360 0 14.115117 STANDARD
43 0 477 0 13.912747 STANDARD
43 0 1255 0 13.832869 STANDARD
43 0 1136 0 13.828958 STANDARD
43 0 419 0 13.742922 STANDARD
43 0 114 0 13.495933 STANDARD
43 0 556 0 13.476844 STANDARD
43 0 478 0 13.3242035 STANDARD
43 0 1124 0 13.238155 STANDARD
43 0 200 0 13.152676 STANDARD
43 0 442 0 12.875743 STANDARD
44 0 17 0 26.865377 STANDARD
44 0 770 0 23.112364 STANDARD
44 0 686 0 22.143776 STANDARD
44 0 821 0 21.815619 STANDARD
44 0 1460 0 21.053223 STANDARD
44 0 588 0 20.848715 STANDARD
44 0 986 0 20.634468 STANDARD
44 0 1172 0 20.367147 STANDARD
44 0 977 0 20.266169 STANDARD
44 0 691 0 20.261833 STANDARD
44 0 1241 0 20.090424 STANDARD
44 0 1418 0 19.179903 STANDARD
44 0 1335 0 18.824814 STANDARD
44 0 1167 0 18.63145 STANDARD
44 0 933 0 18.503134 STANDARD
44 0 618 0 18.19236 STANDARD
44 0 1210 0 17.841446 STANDARD
44 0 1097 0 17.776272 STANDARD
44 0 198 0 17.746641 STANDARD
44 0 1369 0 17.367907 STANDARD
45 0 177 0 40.067013 STANDARD
45 0 406 0 32.64014 STANDARD
45 0 916 0 32.47646 STANDARD
45 0 336 0 31.798376 STANDARD
45 0 917 0 31.562174 STANDARD
45 0 281 0 30.33964 STANDARD
45 0 979 0 30.088215 STANDARD
45 0 849 0 29.846077 STANDARD
45 0 860 0 28.51083 STANDARD
45 0 180 0 27.806435 STANDARD
45 0 178 0 27.452625 STANDARD
45 0 990 0 26.204073 STANDARD
45 0 136 0 25.997974 STANDARD
45 0 17 0 25.869806 STANDARD
45 0 1212 0 25.591484 STANDARD
45 0 865 0 24.454975 STANDARD
45 0 6 0 23.811197 STANDARD
45 0 874 0 23.327204 STANDARD
45 0 174 0 23.134733 STANDARD
45 0 11 0 22.73384 STANDARD
46 0 979 0 33.002186 STANDARD
46 0 374 0 32.193596 STANDARD
46 0 352 0 31.875315 STANDARD
46 0 842 0 31.440022 STANDARD
46 0 250 0 31.036417 STANDARD
46 0 177 0 29.811995 STANDARD
46 0 1252 0 29.793753 STANDARD
46 0 64 0 28.389746 STANDARD
46 0 408 0 28.192503 STANDARD
46 0 141 0 27.884209 STANDARD
46 0 17 0 27.790974 STANDARD
46 0 888 0 27.259136 STANDARD
46 0 1324 0 27.255903 STANDARD
46 0 11 0 26.784096 STANDARD
46 0 12 0 26.617157 STANDARD
46 0 922 0 25.890388 STANDARD
46 0 200 0 25.431732 STANDARD
46 0 1415 0 24.841038 STANDARD
46 0 934 0 24.811903 STANDARD
46 0 1193 0 24.67581 STANDARD
47 0 1245 0 27.403948 STANDARD
47 0 323 0 26.938183 STANDARD
47 0 130 0 24.392069 STANDARD
47 0 996 0 24.2468 STANDARD
47 0 411 0 23.574224 STANDARD
47 0 1248 0 22.466585 STANDARD
47 0 12 0 22.263058 STANDARD
47 0 351 0 22.24911 STANDARD
47 0 487 0 21.72259 STANDARD
47 0 664 0 21.345829 STANDARD
47 0 1189 0 20.480612 STANDARD
47 0 17 0 20.005974 STANDARD
47 0 1378 0 19.526209 STANDARD
47 0 341 0 19.460777 STANDARD
47 0 482 0 19.09864 STANDARD
47 0 126 0 18.988638 STANDARD
47 0 264 0 18.641945 STANDARD
47 0 257 0 18.606981 STANDARD
47 0 160 0 18.600334 STANDARD
47 0 131 0 18.075884 STANDARD
48 0 257 0 28.986814 STANDARD
48 0 1120 0 28.334063 STANDARD
48 0 17 0 26.79966 STANDARD
48 0 462 0 26.21326 STANDARD
48 0 388 0 25.65528 STANDARD
48 0 131 0 25.081089 STANDARD
48 0 1009 0 24.939728 STANDARD
48 0 472 0 24.872076 STANDARD
48 0 839 0 24.852055 STANDARD
48 0 636 0 24.13255 STANDARD
48 0 151 0 24.100508 STANDARD
48 0 575 0 24.043392 STANDARD
48 0 375 0 23.648735 STANDARD
48 0 1183 0 23.365017 STANDARD
48 0 445 0 22.79745 STANDARD
48 0 68 0 22.649374 STANDARD
48 0 1408 0 22.557457 STANDARD
48 0 160 0 22.534552 STANDARD
48 0 123 0 22.369574 STANDARD
48 0 1219 0 22.319382 STANDARD
49 0 17 0 31.61443 STANDARD
49 0 140 0 31.548914 STANDARD
49 0 136 0 31.402056 STANDARD
49 0 1273 0 30.79756 STANDARD
49 0 123 0 30.765537 STANDARD
49 0 1027 0 30.696203 STANDARD
49 0 664 0 30.023457 STANDARD
49 0 1130 0 30.015894 STANDARD
49 0 323 0 29.973038 STANDARD
49 0 544 0 29.949026 STANDARD
49 0 132 0 29.418226 STANDARD
49 0 1330 0 28.557978 STANDARD
49 0 151 0 27.951193 STANDARD
49 0 138 0 27.548819 STANDARD
49 0 96 0 26.817602 STANDARD
49 0 1349 0 26.044422 STANDARD
49 0 538 0 25.920912 STANDARD
49 0 1082 0 25.788944 STANDARD
49 0 640 0 25.778255 STANDARD
49 0 1124 0 25.709414 STANDARD
50 0 388 0 48.597313 STANDARD
50 0 261 0 44.048103 STANDARD
50 0 838 0 43.912735 STANDARD
50 0 16 0 31.496258 STANDARD
50 0 1259 0 31.46732 STANDARD
50 0 263 0 28.403524 STANDARD
50 0 1202 0 28.043436 STANDARD
50 0 1066 0 28.021801 STANDARD
50 0 1430 0 27.885408 STANDARD
50 0 1442 0 27.738781 STANDARD
50 0 151 0 27.323086 STANDARD
50 0 257 0 27.13542 STANDARD
50 0 17 0 26.839027 STANDARD
50 0 1 0 26.466625 STANDARD
50 0 661 0 24.973932 STANDARD
50 0 354 0 24.284115 STANDARD
50 0 898 0 24.190235 STANDARD
50 0 1075 0 23.632679 STANDARD
50 0 989 0 23.456593 STANDARD
50 0 746 0 23.439081 STANDARD
51 0 1124 0 29.412415 STANDARD
51 0 1120 0 27.611998 STANDARD
51 0 1175 0 26.377691 STANDARD
51 0 1222 0 24.751522 STANDARD
51 0 1171 0 21.784157 STANDARD
51 0 1139 0 20.871786 STANDARD
51 0 1118 0 17.271793 STANDARD
51 0 478 0 15.835277 STANDARD
51 0 1448 0 13.792868 STANDARD
51 0 434 0 13.732719 STANDARD
51 0 151 0 13.576534 STANDARD
51 0 1073 0 13.549594 STANDARD
51 0 388 0 13.509585 STANDARD
51 0 78 0 12.898304 STANDARD
51 0 761 0 12.703763 STANDARD
51 0 664 0 12.539646 STANDARD
51 0 1277 0 12.079052 STANDARD
51 0 30 0 11.930471 STANDARD
51 0 538 0 11.824114 STANDARD
51 0 530 0 11.602973 STANDARD
52 0 986 0 29.962296 STANDARD
52 0 586 0 27.499214 STANDARD
52 0 1147 0 25.044443 STANDARD
52 0 382 0 22.78887 STANDARD
52 0 194 0 22.757244 STANDARD
52 0 210 0 22.352047 STANDARD
52 0 547 0 21.610487 STANDARD
52 0 220 0 21.060598 STANDARD
52 0 17 0 20.113153 STANDARD
52 0 195 0 20.004639 STANDARD
52 0 452 0 19.900858 STANDARD
52 0 1255 0 19.826843 STANDARD
52 0 1055 0 19.419703 STANDARD
52 0 1051 0 19.07093 STANDARD
52 0 236 0 18.972855 STANDARD
52 0 608 0 18.159916 STANDARD
52 0 883 0 18.13018 STANDARD
52 0 257 0 18.125149 STANDARD
52 0 148 0 17.644289 STANDARD
52 0 889 0 17.604143 STANDARD
53 0 177 0 31.664114 STANDARD
53 0 17 0 29.276684 STANDARD
53 0 865 0 27.025469 STANDARD
53 0 1249 0 25.8605 STANDARD
53 0 1330 0 25.363987 STANDARD
53 0 236 0 25.18753 STANDARD
53 0 180 0 24.274628 STANDARD
53 0 147 0 24.2441 STANDARD
53 0 1027 0 22.95336 STANDARD
53 0 1415 0 22.938366 STANDARD
53 0 916 0 22.81634 STANDARD
53 0 1147 0 22.55298 STANDARD
53 0 60 0 22.122583 STANDARD
53 0 860 0 20.957977 STANDARD
53 0 917 0 20.834625 STANDARD
53 0 1339 0 20.394926 STANDARD
53 0 141 0 20.27276 STANDARD
53 0 132 0 19.65719 STANDARD
53 0 1079 0 19.524036 STANDARD
53 0 596 0 19.382177 STANDARD
54 0 22 0 24.074934 STANDARD
54 0 392 0 21.882004 STANDARD
54 0 17 0 21.530973 STANDARD
54 0 916 0 21.217182 STANDARD
54 0 177 0 21.169819 STANDARD
54 0 283 0 20.231197 STANDARD
54 0 1457 0 18.08706 STANDARD
54 0 187 0 17.013506 STANDARD
54 0 141 0 16.367474 STANDARD
54 0 917 0 16.330547 STANDARD
54 0 264 0 16.06687 STANDARD
54 0 293 0 15.756388 STANDARD
54 0 934 0 15.278321 STANDARD
54 0 136 0 15.192769 STANDARD
54 0 927 0 14.617952 STANDARD
54 0 213 0 14.483737 STANDARD
54 0 406 0 14.437396 STANDARD
54 0 1008 0 14.105254 STANDARD
54 0 6 0 13.970303 STANDARD
54 0 1330 0 13.894852 STANDARD
55 0 986 0 24.342495 STANDARD
55 0 382 0 22.959991 STANDARD
55 0 1051 0 22.110601 STANDARD
55 0 883 0 21.5404 STANDARD
55 0 806 0 19.987595 STANDARD
55 0 603 0 19.125343 STANDARD
55 0 608 0 17.983398 STANDARD
55 0 586 0 16.202106 STANDARD
55 0 452 0 15.771666 STANDARD
55 0 547 0 14.5607815 STANDARD
55 0 236 0 13.631668 STANDARD
55 0 538 0 13.141661 STANDARD
55 0 60 0 13.114881 STANDARD
55 0 1054 0 12.938802 STANDARD
55 0 1120 0 12.912127 STANDARD
55 0 17 0 12.645425 STANDARD
55 0 67 0 12.500364 STANDARD
55 0 75 0 12.470149 STANDARD
55 0 611 0 12.278663 STANDARD
55 0 1171 0 12.1712 STANDARD
56 0 282 0 21.054865 STANDARD
56 0 275 0 19.279692 STANDARD
56 0 970 0 18.452095 STANDARD
56 0 655 0 18.153303 STANDARD
56 0 209 0 18.087742 STANDARD
56 0 388 0 17.73745 STANDARD
56 0 180 0 17.723782 STANDARD
56 0 848 0 17.248268 STANDARD
56 0 16 0 17.053333 STANDARD
56 0 798 0 16.908466 STANDARD
56 0 80 0 16.830845 STANDARD
56 0 963 0 16.705412 STANDARD
56 0 998 0 16.472286 STANDARD
56 0 1415 0 16.337194 STANDARD
56 0 1419 0 16.306679 STANDARD
56 0 354 0 15.928263 STANDARD
56 0 872 0 15.604595 STANDARD
56 0 326 0 15.334745 STANDARD
56 0 941 0 15.323756 STANDARD
56 0 1001 0 15.043715 STANDARD
57 0 848 0 24.391752 STANDARD
57 0 1216 0 23.612099 STANDARD
57 0 326 0 20.485388 STANDARD
57 0 1395 0 20.111609 STANDARD
57 0 1215 0 19.979076 STANDARD
57 0 746 0 19.642109 STANDARD
57 0 480 0 19.329027 STANDARD
57 0 928 0 18.804771 STANDARD
57 0 333 0 18.270824 STANDARD
57 0 1196 0 18.13862 STANDARD
57 0 136 0 18.083355 STANDARD
57 0 1197 0 18.071884 STANDARD
57 0 1124 0 17.830347 STANDARD
57 0 276 0 17.457811 STANDARD
57 0 1415 0 17.379412 STANDARD
57 0 798 0 17.362581 STANDARD
57 0 317 0 17.329924 STANDARD
57 0 1230 0 17.302505 STANDARD
57 0 990 0 17.211327 STANDARD
57 0 342 0 17.054234 STANDARD
58 0 140 0 36.582092 STANDARD
58 0 126 0 36.543026 STANDARD
58 0 884 0 34.91733 STANDARD
58 0 947 0 34.381893 STANDARD
58 0 1011 0 33.069958 STANDARD
58 0 136 0 32.984234 STANDARD
58 0 885 0 31.230337 STANDARD
58 0 1248 0 31.160425 STANDARD
58 0 123 0 30.887674 STANDARD
58 0 17 0 30.25442 STANDARD
58 0 1149 0 29.826773 STANDARD
58 0 1013 0 28.732058 STANDARD
58 0 1171 0 28.65453 STANDARD
58 0 955 0 28.576895 STANDARD
58 0 1043 0 27.509504 STANDARD
58 0 353 0 27.232336 STANDARD
58 0 408 0 26.9793 STANDARD
58 0 218 0 26.821396 STANDARD
58 0 1416 0 26.69084 STANDARD
58 0 903 0 26.573376 STANDARD
59 0 806 0 55.798187 STANDARD
59 0 523 0 46.433254 STANDARD
59 0 492 0 43.314213 STANDARD
59 0 538 0 42.460316 STANDARD
59 0 894 0 42.440304 STANDARD
59 0 595 0 41.970318 STANDARD
59 0 487 0 41.72776 STANDARD
59 0 636 0 40.928947 STANDARD
59 0 807 0 40.721195 STANDARD
59 0 390 0 40.681488 STANDARD
59 0 61 0 39.941555 STANDARD
59 0 1124 0 39.760498 STANDARD
59 0 1054 0 39.081505 STANDARD
59 0 448 0 37.089417 STANDARD
59 0 309 0 37.06618 STANDARD
59 0 702 0 37.02856 STANDARD
59 0 1230 0 36.443993 STANDARD
59 0 820 0 36.098053 STANDARD
59 0 486 0 35.36907 STANDARD
59 0 773 0 35.00626 STANDARD
60 0 486 0 59.94437 STANDARD
60 0 1054 0 57.65651 STANDARD
60 0 523 0 55.536865 STANDARD
60 0 444 0 54.833588 STANDARD
60 0 713 0 54.73409 STANDARD
60 0 61 0 53.771088 STANDARD
60 0 660 0 53.741592 STANDARD
60 0 806 0 53.366356 STANDARD
60 0 28 0 52.461384 STANDARD
60 0 519 0 52.283737 STANDARD
60 0 39 0 49.96315 STANDARD
60 0 762 0 49.683834 STANDARD
60 0 50 0 49.34697 STANDARD
60 0 487 0 48.63579 STANDARD
60 0 956 0 47.690674 STANDARD
60 0 473 0 46.844215 STANDARD
60 0 448 0 46.262844 STANDARD
60 0 632 0 45.806698 STANDARD
60 0 754 0 44.7296 STANDARD
60 0 223 0 43.45739 STANDARD
61 0 1120 0 32.11677 STANDARD
61 0 606 0 31.207617 STANDARD
61 0 682 0 31.08617 STANDARD
61 0 448 0 30.538477 STANDARD
61 0 579 0 28.612474 STANDARD
61 0 451 0 28.37738 STANDARD
61 0 309 0 27.596836 STANDARD
61 0 150 0 25.786882 STANDARD
61 0 68 0 25.161518 STANDARD
61 0 483 0 25.099937 STANDARD
61 0 538 0 25.011356 STANDARD
61 0 695 0 24.911318 STANDARD
61 0 508 0 24.756702 STANDARD
61 0 518 0 24.668715 STANDARD
61 0 61 0 24.14054 STANDARD
61 0 593 0 23.90016 STANDARD
61 0 165 0 23.81514 STANDARD
61 0 1073 0 23.812891 STANDARD
61 0 1327 0 23.649443 STANDARD
61 0 378 0 22.99603 STANDARD
62 0 455 0 54.47651 STANDARD
62 0 464 0 48.588238 STANDARD
62 0 745 0 45.558647 STANDARD
62 0 430 0 44.638897 STANDARD
62 0 443 0 42.317364 STANDARD
62 0 319 0 40.60911 STANDARD
62 0 773 0 31.286129 STANDARD
62 0 58 0 29.985325 STANDARD
62 0 531 0 29.541931 STANDARD
62 0 1126 0 28.416758 STANDARD
62 0 739 0 27.05365 STANDARD
62 0 446 0 26.618847 STANDARD
62 0 1120 0 26.268389 STANDARD
62 0 810 0 25.857765 STANDARD
62 0 660 0 24.902802 STANDARD
62 0 1230 0 24.59903 STANDARD
62 0 54 0 23.850842 STANDARD
62 0 1156 0 23.554379 STANDARD
62 0 552 0 23.301807 STANDARD
62 0 1155 0 23.282091 STANDARD
63 0 309 0 51.261257 STANDARD
63 0 158 0 42.52871 STANDARD
63 0 538 0 41.690796 STANDARD
63 0 593 0 41.572197 STANDARD
63 0 779 0 40.765835 STANDARD
63 0 1375 0 39.18043 STANDARD
63 0 123 0 38.00941 STANDARD
63 0 67 0 36.643566 STANDARD
63 0 128 0 36.378014 STANDARD
63 0 617 0 36.301254 STANDARD
63 0 682 0 35.895313 STANDARD
63 0 512 0 35.749725 STANDARD
63 0 120 0 35.299046 STANDARD
63 0 525 0 34.48896 STANDARD
63 0 529 0 34.210857 STANDARD
63 0 703 0 34.20682 STANDARD
63 0 376 0 33.928925 STANDARD
63 0 497 0 33.91382 STANDARD
63 0 615 0 33.908882 STANDARD
63 0 1418 0 33.693768 STANDARD
64 0 1314 0 27.321342 STANDARD
64 0 321 0 23.686966 STANDARD
64 0 138 0 22.99193 STANDARD
64 0 665 0 21.660086 STANDARD
64 0 140 0 21.207355 STANDARD
64 0 1309 0 20.826801 STANDARD
64 0 1188 0 20.381502 STANDARD
64 0 1120 0 19.768934 STANDARD
64 0 313 0 19.418184 STANDARD
64 0 746 0 19.265081 STANDARD
64 0 541 0 18.80266 STANDARD
64 0 1014 0 18.72137 STANDARD
64 0 1027 0 18.593794 STANDARD
64 0 85 0 18.566666 STANDARD
64 0 497 0 18.47367 STANDARD
64 0 132 0 18.339724 STANDARD
64 0 1349 0 18.210539 STANDARD
64 0 982 0 18.17797 STANDARD
64 0 1419 0 18.098974 STANDARD
64 0 400 0 18.019741 STANDARD
65 0 448 0 72.77142 STANDARD
65 0 509 0 63.526127 STANDARD
65 0 62 0 54.41401 STANDARD
65 0 1124 0 47.35643 STANDARD
65 0 566 0 45.94237 STANDARD
65 0 1054 0 44.628418 STANDARD
65 0 309 0 43.27118 STANDARD
65 0 577 0 43.01349 STANDARD
65 0 487 0 41.680267 STANDARD
65 0 422 0 41.642006 STANDARD
65 0 61 0 41.600853 STANDARD
65 0 682 0 39.200645 STANDARD
65 0 310 0 39.135323 STANDARD
65 0 570 0 38.32734 STANDARD
65 0 575 0 37.88677 STANDARD
65 0 795 0 37.51035 STANDARD
65 0 660 0 37.415386 STANDARD
65 0 702 0 37.03562 STANDARD
65 0 564 0 36.90779 STANDARD
65 0 661 0 36.602695 STANDARD
66 0 947 0 40.831825 STANDARD
66 0 885 0 33.123608 STANDARD
66 0 1415 0 31.392542 STANDARD
66 0 140 0 29.918697 STANDARD
66 0 916 0 29.740656 STANDARD
66 0 1013 0 29.545994 STANDARD
66 0 376 0 29.052906 STANDARD
66 0 136 0 28.776508 STANDARD
66 0 119 0 28.47045 STANDARD
66 0 375 0 28.355495 STANDARD
66 0 141 0 28.020258 STANDARD
66 0 218 0 27.138517 STANDARD
66 0 654 0 26.871292 STANDARD
66 0 126 0 26.310146 STANDARD
66 0 884 0 25.0943 STANDARD
66 0 169 0 24.969528 STANDARD
66 0 248 0 24.927996 STANDARD
66 0 1198 0 24.893694 STANDARD
66 0 839 0 24.78937 STANDARD
66 0 972 0 24.593729 STANDARD
67 0 564 0 90.12141 STANDARD
67 0 1124 0 70.01782 STANDARD
67 0 830 0 65.8133 STANDARD
67 0 661 0 61.80064 STANDARD
67 0 71 0 61.20668 STANDARD
67 0 677 0 59.94437 STANDARD
67 0 663 0 59.528835 STANDARD
67 0 1415 0 55.73367 STANDARD
67 0 79 0 55.47414 STANDARD
67 0 666 0 54.860394 STANDARD
67 0 45 0 54.75045 STANDARD
67 0 820 0 54.667286 STANDARD
67 0 671 0 52.368443 STANDARD
67 0 702 0 52.314907 STANDARD
67 0 446 0 51.93339 STANDARD
67 0 6 0 51.608803 STANDARD
67 0 643 0 50.443447 STANDARD
67 0 479 0 50.426727 STANDARD
67 0 709 0 49.36977 STANDARD
67 0 795 0 48.764996 STANDARD
68 0 52 0 46.518192 STANDARD
68 0 570 0 46.22506 STANDARD
68 0 448 0 41.500286 STANDARD
68 0 820 0 40.580048 STANDARD
68 0 479 0 40.180935 STANDARD
68 0 446 0 39.714767 STANDARD
68 0 894 0 39.147823 STANDARD
68 0 795 0 38.85503 STANDARD
68 0 562 0 38.607243 STANDARD
68 0 564 0 38.512905 STANDARD
68 0 1391 0 38.152306 STANDARD
68 0 1421 0 37.69441 STANDARD
68 0 86 0 36.734577 STANDARD
68 0 661 0 36.281536 STANDARD
68 0 660 0 36.274372 STANDARD
68 0 68 0 36.2548 STANDARD
68 0 1124 0 36.04573 STANDARD
68 0 688 0 35.907463 STANDARD
68 0 503 0 35.678066 STANDARD
68 0 566 0 34.34371 STANDARD
69 0 151 0 54.48445 STANDARD
69 0 1118 0 41.69883 STANDARD
69 0 1073 0 37.968475 STANDARD
69 0 627 0 37.93086 STANDARD
69 0 501 0 36.704853 STANDARD
69 0 798 0 35.860565 STANDARD
69 0 1413 0 35.58857 STANDARD
69 0 1415 0 35.404285 STANDARD
69 0 1163 0 34.31683 STANDARD
69 0 739 0 31.492523 STANDARD
69 0 1171 0 31.193687 STANDARD
69 0 653 0 31.186234 STANDARD
69 0 1091 0 30.892384 STANDARD
69 0 504 0 30.530167 STANDARD
69 0 643 0 29.745531 STANDARD
69 0 30 0 29.648907 STANDARD
69 0 989 0 29.26122 STANDARD
69 0 773 0 28.71454 STANDARD
69 0 570 0 28.670586 STANDARD
69 0 758 0 28.61009 STANDARD
70 0 1038 0 75.201546 STANDARD
70 0 1040 0 67.31755 STANDARD
70 0 593 0 64.563576 STANDARD
70 0 140 0 63.529926 STANDARD
70 0 151 0 57.74934 STANDARD
70 0 948 0 55.014507 STANDARD
70 0 575 0 52.48282 STANDARD
70 0 350 0 51.174965 STANDARD
70 0 945 0 49.966816 STANDARD
70 0 17 0 49.721523 STANDARD
70 0 572 0 49.70277 STANDARD
70 0 135 0 49.655033 STANDARD
70 0 1183 0 49.48771 STANDARD
70 0 1407 0 49.137127 STANDARD
70 0 1358 0 48.73803 STANDARD
70 0 291 0 48.239132 STANDARD
70 0 408 0 47.84657 STANDARD
70 0 1449 0 46.234673 STANDARD
70 0 5 0 45.76244 STANDARD
70 0 606 0 45.32627 STANDARD
71 0 666 0 84.16248 STANDARD
71 0 1124 0 64.31064 STANDARD
71 0 499 0 64.075325 STANDARD
71 0 6 0 47.319096 STANDARD
71 0 68 0 45.226704 STANDARD
71 0 1054 0 44.94212 STANDARD
71 0 136 0 44.6891 STANDARD
71 0 483 0 43.918354 STANDARD
71 0 341 0 43.83348 STANDARD
71 0 448 0 43.632282 STANDARD
71 0 1131 0 42.61015 STANDARD
71 0 819 0 42.404953 STANDARD
71 0 309 0 41.527546 STANDARD
71 0 360 0 40.998657 STANDARD
71 0 564 0 40.76655 STANDARD
71 0 571 0 40.500008 STANDARD
71 0 116 0 40.13534 STANDARD
71 0 1281 0 39.987038 STANDARD
71 0 663 0 39.781662 STANDARD
71 0 17 0 38.86648 STANDARD
72 0 636 0 108.207634 STANDARD
72 0 68 0 77.00762 STANDARD
72 0 487 0 52.988323 STANDARD
72 0 807 0 52.68144 STANDARD
72 0 478 0 51.603878 STANDARD
72 0 319 0 49.615284 STANDARD
72 0 71 0 49.14448 STANDARD
72 0 1054 0 46.78 STANDARD
72 0 1091 0 44.66578 STANDARD
72 0 1120 0 44.536247 STANDARD
72 0 523 0 44.0156 STANDARD
72 0 806 0 43.835552 STANDARD
72 0 1419 0 43.087196 STANDARD
72 0 65 0 42.80168 STANDARD
72 0 309 0 42.675186 STANDARD
72 0 61 0 42.205914 STANDARD
72 0 538 0 41.76065 STANDARD
72 0 595 0 41.62338 STANDARD
72 0 1134 0 41.60503 STANDARD
72 0 461 0 41.491642 STANDARD
73 0 1124 0 65.221634 STANDARD
73 0 318 0 55.519386 STANDARD
73 0 1175 0 54.646236 STANDARD
73 0 1197 0 51.604214 STANDARD
73 0 737 0 51.034283 STANDARD
73 0 62 0 46.428978 STANDARD
73 0 871 0 44.373154 STANDARD
73 0 1120 0 43.250206 STANDARD
73 0 1171 0 42.405174 STANDARD
73 0 702 0 41.602463 STANDARD
73 0 326 0 41.512566 STANDARD
73 0 1118 0 40.95275 STANDARD
73 0 321 0 40.172554 STANDARD
73 0 1252 0 39.01579 STANDARD
73 0 478 0 37.780827 STANDARD
73 0 1222 0 36.954014 STANDARD
73 0 567 0 35.700214 STANDARD
73 0 1415 0 35.155228 STANDARD
73 0 1091 0 34.00978 STANDARD
73 0 991 0 33.742893 STANDARD
74 0 947 0 54.52253 STANDARD
74 0 654 0 46.931057 STANDARD
74 0 972 0 46.680565 STANDARD
74 0 885 0 46.547375 STANDARD
74 0 1011 0 45.404358 STANDARD
74 0 119 0 45.352364 STANDARD
74 0 1342 0 43.74339 STANDARD
74 0 211 0 43.563206 STANDARD
74 0 1146 0 42.182045 STANDARD
74 0 884 0 41.41242 STANDARD
74 0 854 0 40.895435 STANDARD
74 0 1013 0 40.050266 STANDARD
74 0 1198 0 39.78899 STANDARD
74 0 218 0 38.062622 STANDARD
74 0 916 0 37.45026 STANDARD
74 0 140 0 36.434555 STANDARD
74 0 1171 0 36.175293 STANDARD
74 0 126 0 34.925926 STANDARD
74 0 375 0 34.107433 STANDARD
74 0 214 0 33.70841 STANDARD
75 0 1427 0 25.520596 STANDARD
75 0 317 0 18.620825 STANDARD
75 0 236 0 17.9354 STANDARD
75 0 641 0 16.320076 STANDARD
75 0 909 0 16.002638 STANDARD
75 0 1047 0 15.903451 STANDARD
75 0 571 0 15.432001 STANDARD
75 0 636 0 15.211177 STANDARD
75 0 1449 0 15.101276 STANDARD
75 0 310 0 14.989758 STANDARD
75 0 68 0 14.605153 STANDARD
75 0 94 0 14.022747 STANDARD
75 0 542 0 13.652045 STANDARD
75 0 1185 0 13.635844 STANDARD
75 0 556 0 13.401436 STANDARD
75 0 709 0 13.342662 STANDARD
75 0 17 0 13.331383 STANDARD
75 0 438 0 13.227529 STANDARD
75 0 136 0 13.191846 STANDARD
75 0 320 0 12.998706 STANDARD
76 0 1011 0 46.79293 STANDARD
76 0 947 0 31.639769 STANDARD
76 0 352 0 29.674782 STANDARD
76 0 1236 0 29.66733 STANDARD
76 0 885 0 29.620817 STANDARD
76 0 654 0 28.726543 STANDARD
76 0 1425 0 27.620098 STANDARD
76 0 884 0 26.920753 STANDARD
76 0 11 0 26.84658 STANDARD
76 0 126 0 26.585245 STANDARD
76 0 1206 0 26.559586 STANDARD
76 0 854 0 26.557558 STANDARD
76 0 972 0 26.282717 STANDARD
76 0 903 0 26.265812 STANDARD
76 0 1439 0 26.067259 STANDARD
76 0 211 0 25.975681 STANDARD
76 0 220 0 25.700758 STANDARD
76 0 909 0 25.11563 STANDARD
76 0 924 0 24.256163 STANDARD
76 0 842 0 24.008547 STANDARD
77 0 820 0 33.834267 STANDARD
77 0 746 0 32.848 STANDARD
77 0 894 0 31.334656 STANDARD
77 0 519 0 30.57203 STANDARD
77 0 603 0 28.902546 STANDARD
77 0 44 0 28.856836 STANDARD
77 0 479 0 28.674648 STANDARD
77 0 1091 0 28.40569 STANDARD
77 0 1054 0 27.2709 STANDARD
77 0 798 0 26.959383 STANDARD
77 0 516 0 26.885664 STANDARD
77 0 1196 0 26.773323 STANDARD
77 0 752 0 26.754393 STANDARD
77 0 319 0 26.602867 STANDARD
77 0 868 0 26.23795 STANDARD
77 0 813 0 26.075268 STANDARD
77 0 666 0 25.5385 STANDARD
77 0 1124 0 25.069164 STANDARD
77 0 702 0 25.040205 STANDARD
77 0 1415 0 24.598269 STANDARD
78 0 277 0 23.138174 STANDARD
78 0 397 0 22.497604 STANDARD
78 0 391 0 19.318884 STANDARD
78 0 399 0 19.150368 STANDARD
78 0 396 0 18.961546 STANDARD
78 0 426 0 18.604073 STANDARD
78 0 1099 0 18.144037 STANDARD
78 0 838 0 18.115047 STANDARD
78 0 1129 0 17.482569 STANDARD
78 0 1120 0 17.353485 STANDARD
78 0 1271 0 17.242598 STANDARD
78 0 168 0 17.183308 STANDARD
78 0 1427 0 16.860641 STANDARD
78 0 1124 0 16.720896 STANDARD
78 0 263 0 16.687525 STANDARD
78 0 367 0 16.49294 STANDARD
78 0 1311 0 15.994175 STANDARD
78 0 317 0 15.149405 STANDARD
78 0 294 0 14.977344 STANDARD
78 0 660 0 14.80181 STANDARD
79 0 450 0 47.473846 STANDARD
79 0 706 0 45.045525 STANDARD
79 0 487 0 35.13928 STANDARD
79 0 341 0 33.42499 STANDARD
79 0 1358 0 29.476633 STANDARD
79 0 1124 0 29.460987 STANDARD
79 0 680 0 29.005922 STANDARD
79 0 71 0 28.052475 STANDARD
79 0 523 0 27.624378 STANDARD
79 0 448 0 27.233692 STANDARD
79 0 1171 0 26.965044 STANDARD
79 0 1091 0 26.34781 STANDARD
79 0 1415 0 25.40535 STANDARD
79 0 500 0 24.840391 STANDARD
79 0 1120 0 24.704922 STANDARD
79 0 615 0 23.860495 STANDARD
79 0 1417 0 23.763973 STANDARD
79 0 820 0 23.428242 STANDARD
79 0 807 0 23.334902 STANDARD
79 0 666 0 23.317303 STANDARD
100 0 375 0 39.299847 STANDARD
100 0 376 0 38.919853 STANDARD
100 0 180 0 36.863274 STANDARD
100 0 1136 0 35.367405 STANDARD
100 0 538 0 34.87167 STANDARD
100 0 1120 0 33.58839 STANDARD
100 0 319 0 30.785408 STANDARD
100 0 1197 0 30.430428 STANDARD
100 0 916 0 30.205692 STANDARD
100 0 606 0 30.151182 STANDARD
100 0 1175 0 29.907747 STANDARD
100 0 309 0 29.67088 STANDARD
100 0 1054 0 29.37216 STANDARD
100 0 461 0 28.738071 STANDARD
100 0 779 0 28.467701 STANDARD
100 0 451 0 28.252823 STANDARD
100 0 519 0 28.132845 STANDARD
100 0 648 0 27.890959 STANDARD
100 0 458 0 27.867392 STANDARD
100 0 1171 0 27.572292 STANDARD
101 0 461 0 51.726807 STANDARD
101 0 180 0 42.601273 STANDARD
101 0 309 0 38.0586 STANDARD
101 0 1120 0 37.085384 STANDARD
101 0 704 0 36.991215 STANDARD
101 0 487 0 35.79565 STANDARD
101 0 562 0 35.30224 STANDARD
101 0 538 0 34.987633 STANDARD
101 0 363 0 34.156197 STANDARD
101 0 140 0 34.062714 STANDARD
101 0 1054 0 33.106995 STANDARD
101 0 375 0 33.07997 STANDARD
101 0 575 0 31.884235 STANDARD
101 0 460 0 31.382868 STANDARD
101 0 1134 0 31.335728 STANDARD
101 0 1098 0 30.97112 STANDARD
101 0 319 0 30.818659 STANDARD
101 0 690 0 30.681927 STANDARD
101 0 376 0 30.58494 STANDARD
101 0 1419 0 30.53923 STANDARD
102 0 894 0 98.94365 STANDARD
102 0 531 0 82.53889 STANDARD
102 0 824 0 76.27689 STANDARD
102 0 566 0 74.0033 STANDARD
102 0 479 0 73.49193 STANDARD
102 0 643 0 69.379906 STANDARD
102 0 812 0 67.76087 STANDARD
102 0 44 0 64.95523 STANDARD
102 0 1326 0 63.155396 STANDARD
102 0 52 0 61.995052 STANDARD
102 0 820 0 61.813942 STANDARD
102 0 448 0 58.8263 STANDARD
102 0 1415 0 55.959843 STANDARD
102 0 660 0 55.625683 STANDARD
102 0 570 0 53.947914 STANDARD
102 0 446 0 53.91649 STANDARD
102 0 28 0 53.717316 STANDARD
102 0 1124 0 52.18362 STANDARD
102 0 489 0 51.519493 STANDARD
102 0 773 0 51.37298 STANDARD
103 0 993 0 26.135828 STANDARD
103 0 737 0 18.644165 STANDARD
103 0 873 0 17.673428 STANDARD
103 0 1136 0 17.28771 STANDARD
103 0 1072 0 17.286839 STANDARD
103 0 1252 0 16.915955 STANDARD
103 0 180 0 16.90213 STANDARD
103 0 1229 0 16.792013 STANDARD
103 0 68 0 15.999347 STANDARD
103 0 579 0 15.810884 STANDARD
103 0 1391 0 15.35942 STANDARD
103 0 62 0 15.303424 STANDARD
103 0 1409 0 15.046843 STANDARD
103 0 321 0 15.020913 STANDARD
103 0 795 0 14.798753 STANDARD
103 0 947 0 14.684562 STANDARD
103 0 659 0 14.368254 STANDARD
103 0 701 0 14.3579235 STANDARD
103 0 1109 0 14.1185665 STANDARD
103 0 702 0 14.048787 STANDARD
104 0 894 0 54.518482 STANDARD
104 0 479 0 45.231277 STANDARD
104 0 566 0 41.233955 STANDARD
104 0 1091 0 40.170578 STANDARD
104 0 448 0 39.644547 STANDARD
104 0 1230 0 37.63272 STANDARD
104 0 820 0 36.94043 STANDARD
104 0 562 0 35.6263 STANDARD
104 0 531 0 35.414276 STANDARD
104 0 1415 0 35.20324 STANDARD
104 0 44 0 34.782764 STANDARD
104 0 812 0 33.524914 STANDARD
104 0 1124 0 33.429924 STANDARD
104 0 52 0 33.27552 STANDARD
104 0 65 0 32.94265 STANDARD
104 0 86 0 31.82466 STANDARD
104 0 660 0 31.048662 STANDARD
104 0 643 0 30.78358 STANDARD
104 0 570 0 30.036797 STANDARD
104 0 1196 0 30.011717 STANDARD
105 0 81 0 54.020542 STANDARD
105 0 894 0 38.429825 STANDARD
105 0 82 0 36.160217 STANDARD
105 0 52 0 35.557392 STANDARD
105 0 113 0 35.434277 STANDARD
105 0 500 0 33.982796 STANDARD
105 0 571 0 33.767647 STANDARD
105 0 660 0 33.243896 STANDARD
105 0 446 0 31.842031 STANDARD
105 0 566 0 31.666931 STANDARD
105 0 486 0 30.50897 STANDARD
105 0 1049 0 28.852861 STANDARD
105 0 519 0 27.781284 STANDARD
105 0 1421 0 27.670994 STANDARD
105 0 194 0 27.557577 STANDARD
105 0 1124 0 27.500439 STANDARD
105 0 688 0 27.071207 STANDARD
105 0 499 0 26.897764 STANDARD
105 0 522 0 26.779814 STANDARD
105 0 1144 0 26.578419 STANDARD
106 0 523 0 74.66466 STANDARD
106 0 636 0 72.22428 STANDARD
106 0 807 0 70.640396 STANDARD
106 0 1120 0 68.969086 STANDARD
106 0 1124 0 65.60605 STANDARD
106 0 1419 0 61.3639 STANDARD
106 0 319 0 61.198257 STANDARD
106 0 61 0 60.637882 STANDARD
106 0 1054 0 60.28568 STANDARD
106 0 180 0 58.11119 STANDARD
106 0 538 0 57.232853 STANDARD
106 0 1195 0 55.869705 STANDARD
106 0 321 0 55.479923 STANDARD
106 0 448 0 54.94291 STANDARD
106 0 483 0 54.908237 STANDARD
106 0 898 0 54.650433 STANDARD
106 0 702 0 54.256786 STANDARD
106 0 492 0 53.94972 STANDARD
106 0 595 0 53.408733 STANDARD
106 0 571 0 51.824627 STANDARD
80 0 1416 0 56.60289 STANDARD
80 0 1090 0 44.27718 STANDARD
80 0 759 0 43.64375 STANDARD
80 0 821 0 41.507977 STANDARD
80 0 1418 0 41.40695 STANDARD
80 0 778 0 40.582264 STANDARD
80 0 229 0 39.18252 STANDARD
80 0 1156 0 38.56897 STANDARD
80 0 631 0 37.280636 STANDARD
80 0 1172 0 34.60943 STANDARD
80 0 649 0 34.53254 STANDARD
80 0 748 0 32.785202 STANDARD
80 0 751 0 32.459846 STANDARD
80 0 765 0 32.209984 STANDARD
80 0 838 0 31.549572 STANDARD
80 0 1039 0 31.08921 STANDARD
80 0 62 0 30.906794 STANDARD
80 0 1142 0 30.447002 STANDARD
80 0 757 0 29.940739 STANDARD
80 0 1123 0 29.77129 STANDARD
107 0 86 0 57.565853 STANDARD
107 0 448 0 57.493996 STANDARD
107 0 1124 0 52.76102 STANDARD
107 0 596 0 46.05712 STANDARD
107 0 1054 0 45.858253 STANDARD
107 0 488 0 43.51208 STANDARD
107 0 769 0 43.25752 STANDARD
107 0 429 0 41.98306 STANDARD
107 0 79 0 41.510494 STANDARD
107 0 993 0 40.97147 STANDARD
107 0 176 0 40.476845 STANDARD
107 0 309 0 40.17957 STANDARD
107 0 49 0 40.12383 STANDARD
107 0 575 0 38.74043 STANDARD
107 0 486 0 38.693714 STANDARD
107 0 649 0 37.173077 STANDARD
107 0 223 0 37.05416 STANDARD
107 0 773 0 36.1229 STANDARD
107 0 523 0 35.432587 STANDARD
107 0 661 0 35.37424 STANDARD
81 0 35 0 51.9047 STANDARD
81 0 1323 0 50.905003 STANDARD
81 0 1171 0 50.262295 STANDARD
81 0 497 0 42.22252 STANDARD
81 0 350 0 40.984867 STANDARD
81 0 1173 0 38.125107 STANDARD
81 0 538 0 37.561375 STANDARD
81 0 27 0 37.29684 STANDARD
81 0 321 0 36.953255 STANDARD
81 0 180 0 36.81596 STANDARD
81 0 1027 0 36.738743 STANDARD
81 0 1136 0 36.510334 STANDARD
81 0 376 0 36.284893 STANDARD
81 0 779 0 35.78747 STANDARD
81 0 1416 0 35.42962 STANDARD
81 0 128 0 35.303673 STANDARD
81 0 140 0 35.163742 STANDARD
81 0 126 0 34.985676 STANDARD
81 0 179 0 34.247025 STANDARD
81 0 1418 0 34.124863 STANDARD
108 0 664 0 30.024015 STANDARD
108 0 1396 0 29.683918 STANDARD
108 0 123 0 29.208841 STANDARD
108 0 547 0 28.643793 STANDARD
108 0 512 0 28.41017 STANDARD
108 0 156 0 28.386267 STANDARD
108 0 1328 0 28.178295 STANDARD
108 0 1120 0 28.136602 STANDARD
108 0 728 0 27.507153 STANDARD
108 0 511 0 27.142534 STANDARD
108 0 743 0 26.858637 STANDARD
108 0 220 0 26.815456 STANDARD
108 0 1207 0 26.54021 STANDARD
108 0 1415 0 26.440376 STANDARD
108 0 598 0 26.422754 STANDARD
108 0 648 0 25.933321 STANDARD
108 0 799 0 25.819433 STANDARD
108 0 692 0 25.746756 STANDARD
108 0 150 0 25.150522 STANDARD
108 0 357 0 24.93416 STANDARD
82 0 310 0 54.738834 STANDARD
82 0 1175 0 44.17716 STANDARD
82 0 397 0 40.403137 STANDARD
82 0 641 0 40.167572 STANDARD
82 0 25 0 39.378117 STANDARD
82 0 464 0 38.920372 STANDARD
82 0 1120 0 35.020428 STANDARD
82 0 1039 0 34.13089 STANDARD
82 0 1124 0 33.29166 STANDARD
82 0 478 0 33.272053 STANDARD
82 0 804 0 32.251198 STANDARD
82 0 575 0 31.451723 STANDARD
82 0 539 0 31.268232 STANDARD
82 0 516 0 31.03328 STANDARD
82 0 186 0 30.819942 STANDARD
82 0 1027 0 30.027277 STANDARD
82 0 570 0 29.439476 STANDARD
82 0 1380 0 29.187595 STANDARD
82 0 562 0 28.52259 STANDARD
82 0 1092 0 28.354464 STANDARD
109 0 52 0 73.30042 STANDARD
109 0 664 0 54.809246 STANDARD
109 0 88 0 54.66094 STANDARD
109 0 290 0 51.017204 STANDARD
109 0 105 0 50.841793 STANDARD
109 0 1274 0 50.511177 STANDARD
109 0 655 0 49.639988 STANDARD
109 0 537 0 49.148384 STANDARD
109 0 1345 0 48.522297 STANDARD
109 0 89 0 47.06009 STANDARD
109 0 876 0 46.472393 STANDARD
109 0 155 0 46.443165 STANDARD
109 0 598 0 45.800766 STANDARD
109 0 138 0 45.71939 STANDARD
109 0 878 0 45.26734 STANDARD
109 0 1342 0 45.260498 STANDARD
109 0 151 0 44.857594 STANDARD
109 0 259 0 43.711243 STANDARD
109 0 1340 0 43.522953 STANDARD
109 0 1339 0 43.436703 STANDARD
83 0 350 0 48.20909 STANDARD
83 0 7 0 47.912476 STANDARD
83 0 309 0 37.404907 STANDARD
83 0 617 0 35.797684 STANDARD
83 0 136 0 35.72196 STANDARD
83 0 1418 0 35.53903 STANDARD
83 0 68 0 34.519115 STANDARD
83 0 1136 0 32.948067 STANDARD
83 0 1211 0 32.638756 STANDARD
83 0 1416 0 32.284557 STANDARD
83 0 993 0 31.833101 STANDARD
83 0 376 0 31.724352 STANDARD
83 0 400 0 30.928976 STANDARD
83 0 1073 0 30.23692 STANDARD
83 0 180 0 29.858137 STANDARD
83 0 1109 0 29.364569 STANDARD
83 0 773 0 29.028046 STANDARD
83 0 406 0 29.024996 STANDARD
83 0 207 0 27.975843 STANDARD
83 0 538 0 27.91207 STANDARD
84 0 319 0 45.332043 STANDARD
84 0 1054 0 43.55518 STANDARD
84 0 309 0 43.49978 STANDARD
84 0 448 0 43.418945 STANDARD
84 0 486 0 41.695244 STANDARD
84 0 1124 0 40.55339 STANDARD
84 0 660 0 39.150818 STANDARD
84 0 754 0 38.121292 STANDARD
84 0 519 0 37.806385 STANDARD
84 0 806 0 36.558033 STANDARD
84 0 479 0 35.936047 STANDARD
84 0 523 0 35.844257 STANDARD
84 0 564 0 35.085136 STANDARD
84 0 28 0 34.78668 STANDARD
84 0 487 0 34.035065 STANDARD
84 0 762 0 33.231926 STANDARD
84 0 444 0 33.17575 STANDARD
84 0 608 0 31.901451 STANDARD
84 0 61 0 31.402205 STANDARD
84 0 659 0 31.19973 STANDARD
85 0 317 0 61.35752 STANDARD
85 0 1124 0 54.061947 STANDARD
85 0 1427 0 52.240772 STANDARD
85 0 134 0 50.039394 STANDARD
85 0 1120 0 48.82636 STANDARD
85 0 1416 0 45.950073 STANDARD
85 0 1418 0 45.91506 STANDARD
85 0 709 0 45.699394 STANDARD
85 0 291 0 45.45922 STANDARD
85 0 123 0 45.011276 STANDARD
85 0 399 0 44.9272 STANDARD
85 0 1073 0 44.6891 STANDARD
85 0 706 0 44.2309 STANDARD
85 0 64 0 43.763786 STANDARD
85 0 593 0 43.014908 STANDARD
85 0 16 0 42.958702 STANDARD
85 0 17 0 42.543953 STANDARD
85 0 309 0 42.24568 STANDARD
85 0 1171 0 42.172604 STANDARD
85 0 595 0 42.010357 STANDARD
86 0 862 0 30.828512 STANDARD
86 0 380 0 29.695805 STANDARD
86 0 808 0 29.012112 STANDARD
86 0 425 0 28.662859 STANDARD
86 0 706 0 28.628197 STANDARD
86 0 516 0 26.247612 STANDARD
86 0 820 0 25.808529 STANDARD
86 0 317 0 25.698835 STANDARD
86 0 923 0 25.663956 STANDARD
86 0 958 0 24.95921 STANDARD
86 0 419 0 24.378357 STANDARD
86 0 745 0 23.888126 STANDARD
86 0 596 0 23.6994 STANDARD
86 0 321 0 23.279827 STANDARD
86 0 417 0 23.160648 STANDARD
86 0 1117 0 22.722706 STANDARD
86 0 113 0 22.59908 STANDARD
86 0 587 0 21.897055 STANDARD
86 0 464 0 21.518967 STANDARD
86 0 197 0 21.263632 STANDARD
87 0 892 0 59.405266 STANDARD
87 0 1252 0 54.488506 STANDARD
87 0 534 0 46.851696 STANDARD
87 0 842 0 45.148014 STANDARD
87 0 1415 0 44.809483 STANDARD
87 0 617 0 44.32795 STANDARD
87 0 993 0 44.29279 STANDARD
87 0 1043 0 42.783127 STANDARD
87 0 897 0 42.117912 STANDARD
87 0 884 0 41.698627 STANDARD
87 0 523 0 41.57512 STANDARD
87 0 880 0 41.35232 STANDARD
87 0 497 0 40.369152 STANDARD
87 0 815 0 40.035122 STANDARD
87 0 376 0 39.95662 STANDARD
87 0 1193 0 39.950523 STANDARD
87 0 17 0 39.65009 STANDARD
87 0 286 0 39.456985 STANDARD
87 0 865 0 39.21853 STANDARD
87 0 970 0 38.8918 STANDARD
